12.050548
12.114468
19.028659
8.707611
3.380019
8.640510
10.103771
1.336535
6.442887
15.554171
7.908108
5.081232
7.947141
16.812820
9.781969
22.200880
4.150242
6.332465
11.329828
6.505109
17.907229
1.397568
24.600649
16.477599
8.763315
0.000000
7.429326
4.041936
3.107488
11.264119
11.603861
0.470738
1.301972
4.228823
0.000000
0.000000
0.000000
9.786361
8.376780
13.166605
23.664569
22.319997
3.048450
6.890007
10.942765
14.746931
0.976780
1.209400
15.603057
10.786190
6.392424
13.135475
0.942045
8.964570
5.335684
13.264047
12.086941
13.351117
6.414565
0.210427
4.401597
8.825191
2.838197
5.426741
9.012717
4.321304
5.316190
4.185369
10.777309
8.957650
3.713647
13.983370
8.877584
10.039129
5.001705
18.920879
2.138401
4.289221
4.641951
10.586550
9.842879
9.881802
2.006946
5.266977
10.572914
3.493936
0.782905
6.966952
3.652772
5.950620
6.517426
5.316224
7.357878
9.932752
0.879590
3.107590
0.000000
1.803998
1.404417
0.261451
3.879472
0.647249
1.470449
6.818960
28.758641
13.542211
6.279820
0.771599
0.000000
4.259898
0.000000
5.788850
2.447900
2.688202
6.152642
16.451458
6.258875
3.193172
3.321680
8.848662
3.570414
7.976660
0.000000
3.516669
5.804498
0.557116
5.816287
12.657847
2.916951
4.428027
8.942155
4.258788
4.314215
12.370967
16.330066
5.245878
11.775588
1.483350
0.715997
15.087997
3.643545
7.779286
12.630933
2.677337
6.443934
8.851249
6.213124
1.938738
4.932106
3.934914
0.493858
9.566378
4.211486
0.768548
3.860483
1.789080
3.665506
5.255645
0.670771
1.629683
1.741840
4.149871
1.936088
2.734336
5.456699
2.132446
0.779980
1.548960
0.000000
0.457556
1.189244
0.804274
0.000000
0.000000
0.000000
5.206036
0.572485
0.992391
1.614833
0.000000
1.695600
5.648433
10.618758
3.020823
9.102288
6.638050
3.000001
7.094359
2.930347
2.055983
2.528165
4.073723
9.141159
6.572371
2.819781
18.218228
3.582496
12.133572
6.636292
8.717058
6.038308
4.401113
4.495201
13.297217
8.712131
6.986986
5.511595
4.940657
1.095754
7.454099
6.629007
8.369861
5.424976
5.560827
8.814306
4.474183
5.428592
6.728672
5.874698
1.102800
3.987892
2.451667
1.292384
1.646904
0.073732
0.396909
4.273471
4.124999
0.737876
3.570327
3.027005
0.000000
12.834989
0.348087
5.728519
0.000000
11.718985
5.009288
4.170020
4.331192
8.021234
1.343734
5.841782
1.936855
2.798993
1.871877
0.000000
5.905881
0.032315
3.030659
4.305842
2.842279
0.000000
5.483961
6.173634
5.214773
4.401038
0.584379
4.300685
2.874317
0.000000
1.527558
1.862763
2.209239
2.075141
1.351568
3.975958
9.033542
3.672921
3.881092
6.343932
0.000000
1.993154
5.155492
3.192770
5.907189
0.817776
3.363041
4.343649
3.053746
0.687191
3.229226
0.380338
4.549601
2.911455
0.456607
8.306549
0.000000
2.246932
4.312708
3.297838
0.000000
1.602051
0.000000
1.679897
1.118664
2.811713
3.703976
14.412254
2.782163
2.418270
0.512972
10.741695
1.322079
4.726415
2.161726
2.244545
6.987766
0.467757
1.612875
1.791949
4.081256
6.513498
4.728137
1.943656
7.917089
1.231718
0.000000
0.047637
3.366608
6.913261
5.181692
1.116654
1.439906
0.640156
1.487541
2.669944
0.866307
6.346689
2.609075
7.220722
8.595129
13.598571
3.928194
2.458046
1.318765
4.628688
3.585350
8.681999
4.438563
14.100355
0.219237
0.762204
3.576102
0.910177
2.158431
5.127329
0.945704
1.345962
1.593524
4.859074
8.109981
3.590204
6.718379
8.863759
11.105235
0.807393
6.123906
2.188649
1.072740
1.515908
2.303861
0.989324
0.796709
1.434270
0.000000
7.623308
4.616856
2.312064
1.491736
0.673033
2.112055
1.460470
0.000000
0.109614
9.701254
3.421092
8.052510
1.140525
3.986014
6.222211
6.051571
3.379289
5.677625
3.769936
1.979422
1.334293
2.848828
12.613921
4.123208
2.937446
2.448059
4.195673
0.000000
3.592873
9.494242
1.201461
2.271782
1.696105
0.816674
4.014858
2.390123
2.077512
2.484314
0.779685
1.628843
3.907792
4.784133
4.363006
6.541596
1.491666
5.041151
1.906860
1.475309
5.751495
0.799548
1.509120
0.823822
3.093730
1.021698
0.935907
3.986465
0.450821
0.000000
3.423377
0.000000
7.314852
0.000000
9.490411
2.221129
2.404680
2.691593
0.468405
9.016622
0.950103
0.000000
0.382335
1.768631
1.014684
0.827746
2.479364
0.000000
3.928698
0.000000
4.496188
2.567953
4.544860
0.000000
0.554467
1.035727
3.802889
7.471869
1.550612
8.925334
2.126025
1.641980
0.488664
4.651791
5.141927
9.864452
0.159685
1.943720
0.000000
5.118876
1.032730
4.074262
5.105424
6.478554
0.000000
2.176131
2.795527
0.238215
0.000000
0.000000
3.486766
3.117920
3.742016
0.583680
2.807002
2.912369
3.822351
1.637511
10.062022
4.612802
2.447086
3.819761
2.475652
0.000000
5.123248
0.824291
1.567242
0.000000
0.000000
0.000000
2.464220
0.460975
0.792059
2.972704
1.325146
4.251836
3.524475
0.000000
0.894022
7.392131
1.298336
1.171065
3.367473
1.470120
2.400565
0.000000
0.000000
4.360456
2.056587
0.244619
0.582689
0.000000
0.000000
2.606187
0.000000
0.000000
3.588280
0.911908
4.635176
0.328926
0.000000
0.000000
2.238340
1.737065
0.820523
0.620735
0.440977
3.713772
1.528942
0.000000
0.993604
0.000000
0.000000
1.234177
0.000000
0.000000
0.157148
4.351893
3.126450
0.000000
2.228749
0.914994
0.000000
0.000000
4.518864
0.000000
0.546660
6.772842
2.602100
3.729157
3.736088
0.499074
1.406264
2.958524
0.875647
0.672252
2.464169
3.413271
0.000000
8.447922
0.469559
1.071499
0.000000
4.013826
0.035853
0.000000
2.972700
2.362651
1.501727
0.000000
0.000000
0.000000
0.000000
7.764960
0.070345
0.000000
0.306105
0.936833
0.000000
2.336371
3.233293
0.832256
1.608263
7.587383
0.374486
4.860643
2.318734
4.553756
1.353522
1.787459
0.368047
0.730116
0.218579
6.275912
1.584925
0.904216
0.692955
0.880184
1.272977
0.871282
0.000000
0.613613
0.271432
1.271418
0.670580
2.628131
1.373701
3.597948
0.382148
1.373734
0.000000
0.000000
0.127674
0.000000
0.000000
0.000000
0.200969
1.794663
0.000000
0.377682
0.250193
0.000000
0.602701
0.000000
0.645133
0.819733
0.000000
0.000000
1.427379
2.501881
0.000000
1.169116
0.000000
0.947950
0.000000
0.000000
2.370365
0.732147
0.157648
0.000000
0.000000
0.000000
1.819635
1.503919
1.423519
1.406325
0.839212
0.000000
0.409500
2.971202
0.000000
1.162917
2.253309
1.999514
0.813124
3.627316
3.061755
0.099208
1.568850
0.610459
0.421946
0.000000
0.000000
0.667848
0.000000
0.000000
0.921168
0.000000
0.000000
0.000000
0.957342
0.000000
0.000000
0.000000
0.000000
0.224341
0.000000
0.000000
0.000000
0.000000
0.000000
0.000000
3.064008
0.695501
0.554233
0.000000
1.191806
0.596682
0.018527
0.933191
0.650744
0.000000
1.315188
1.345046
1.694513
0.100122
1.718722
0.000000
0.882784
0.088124
0.870412
4.665909
2.249522
0.000000
2.299337
1.985353
2.066315
0.256573
0.000000
0.161945
0.887943
0.000000
0.000000
0.753187
0.802079
0.000000
0.000000
0.000000
0.441406
3.662292
2.185056
6.335617
0.000000
2.100951
0.417769
1.772106
0.965742
0.000000
0.000000
0.815616
0.000000
0.866939
0.000000
0.196896
0.000000
0.000000
0.000000
0.607394
1.400831
3.126382
1.287945
1.601089
0.000000
0.697134
0.000000
0.720602
0.000000
0.000000
0.568714
0.235110
0.000000
4.083144
2.325318
0.000000
0.000000
0.000000
0.542680
0.000000
0.000000
0.774780
1.955353
0.777756
0.000000
0.359576
0.758422
1.222047
1.230794
0.567100
0.352067
0.312030
1.984531
0.000000
0.000000
0.000000
0.000000
0.858580
0.000000
0.000000
0.947992
1.915176
0.000000
0.000000
0.000000
2.078063
0.000000
0.000000
0.000000
0.000000
1.938596
0.895115
1.004246
0.000000
0.000000
0.000000
0.732843
0.000000
0.000000
0.084617
0.000000
0.000000
0.000000
0.000000
0.633349
2.462316
0.953737
0.000000
0.279162
0.397561
0.000000
0.026552
0.000000
1.919941
0.000000
0.056125
1.019784
0.698056
0.000000
0.918788
0.000000
3.514890
0.000000
0.000000
0.000000
0.322915
0.000000
0.000000
0.025145
0.000000
1.205610
0.392588
0.000000
1.489543
1.611506
0.000000
0.000000
0.383546
0.000000
0.000000
0.000000
0.000000
0.000000
0.000000
2.747864
2.881452
2.502196
0.000000
0.000000
0.000000
0.700506
0.489515
2.962069
0.000000
0.000000
0.000000
0.615783
1.245904
2.384880
0.000000
0.000000
0.000000
0.620624
0.000000
0.000000
2.324330
0.918819
1.646711
0.000000
0.000000
0.000000
0.188398
0.000000
0.000000
0.000000
0.335569
0.000000
0.000000
0.000000
0.000000
0.000000
0.311046
1.067811
0.782927
0.315660
0.000000
1.889424
1.108279
0.568978
0.000000
0.000000
2.961340
1.711085
0.805833
0.000000
0.607550
0.079474
0.415376
0.000000
1.828126
0.000000
0.779921
0.000000
0.000000
2.304546
0.977581
0.000000
3.682689
0.000000
0.949456
0.000000
0.000000
0.000000
0.000000
0.000000
0.000000
0.335728
0.712285
0.554709
0.681148
0.834943
0.895873
0.000000
0.000000
0.000000
0.437598
0.000000
0.399655
0.749746
1.411343
0.000000
0.000000
0.958340
0.000000
0.000000
0.000000
0.000000
0.213825
0.898134
0.389292
0.000000
0.000000
0.000000
0.000000
0.000000
0.000000
0.000000
0.102046
0.000000
0.000000
0.000000
0.349699
0.000000
0.000000
1.068622
1.950225
0.000000
0.903085
0.000000
0.000000
0.000000
0.000000
0.000000
0.000000
0.000000
1.182615
0.000000
0.000000
0.000000
0.000000
0.000000
0.000000
0.000000
0.554043
0.000000
0.000000
0.943711
0.810847
1.642946
0.000000
0.000000
0.000000
0.000000
0.000000
0.879257
0.865062
0.357425
0.136276
0.000000
0.805780
0.000000
0.000000
3.010800
0.000000
0.032081
0.276167
0.000000
0.000000
0.894702
0.000000
0.000000
2.292244
2.554459
0.000000
0.000000
0.000000
0.073411
0.000000
0.000000
0.000000
0.000000
0.000000
0.000000
0.000000
1.566051
0.000000
0.841425
0.000000
0.000000
0.000000
0.676246
0.701402
0.000000
0.895417
0.000000
0.000000
0.000000
0.000000
0.000000
0.912609
0.000000
0.000000
2.321750
0.000000
0.000000
0.000000
0.970827
0.000000
0.000000
0.000000
0.764766
0.000000
0.615923
0.000000
0.000000
0.000000
0.000000
0.000000
0.000000
0.000000
0.964267
0.000000
0.000000
0.000000
0.000000
0.000000
0.000000
0.000000
0.000000
0.000000
0.000000
0.000000
0.000000
0.503691
2.393089
0.000000
1.596330
0.081984
0.000000
0.000000
0.374956
0.000000
0.000000
0.000000
0.000000
0.087008
0.000000
0.771381
0.000000
0.000000
0.000000
0.000000
0.000000
0.000000
0.161081
0.059868
0.000000
0.000000
0.000000
0.000000
0.000000
0.000000
0.000000
0.444865
0.000000
0.285274
0.000000
0.000000
0.000000
0.000000
0.000000
0.000000
0.000000
0.000000
0.000000
0.000000
0.000000
0.000000
0.000000
0.000000
0.000000
0.000000
0.000000
0.000000
0.000000
0.000000
0.000000
0.000000
0.000000
0.000000
0.000000
0.000000
0.000000
0.000000
0.000000
0.000000
0.000000
0.000000
0.000000
0.000000
0.000000
