0.000000
0.162868
1.057321
1.056300
0.682064
1.894801
2.148661
2.424743
2.537768
2.200719
1.663888
1.475524
3.325767
1.116113
0.817875
3.562727
0.021194
4.678086
2.039417
2.163555
2.094908
4.887789
2.859093
5.077448
3.103016
1.033758
2.639575
1.999451
0.071020
2.558720
0.802948
1.506590
3.942593
8.684194
0.203014
0.245721
0.945323
3.325131
1.998052
1.220605
2.696146
2.267912
1.512313
1.176993
3.859355
4.908269
2.022098
2.236241
2.142511
2.911419
2.175848
2.687114
0.441960
3.739722
2.258053
3.091284
1.435288
2.499399
2.726380
1.619666
0.521560
3.434310
1.050241
1.958161
1.615247
2.137415
1.172885
1.993665
4.309245
3.082913
2.936017
5.495564
0.998633
0.729978
0.652205
3.359570
1.030817
0.326886
0.885861
2.006749
2.910102
1.826082
0.629484
1.587674
0.509237
1.572070
1.298295
0.007323
1.417856
2.599989
1.088708
1.625166
1.239755
1.957385
1.032326
0.351090
0.793799
0.274251
0.154156
0.451608
1.112647
0.091214
1.641720
2.340207
6.629291
2.433271
2.259151
2.646046
1.532225
1.114282
0.949826
2.462842
1.703259
0.365227
1.516761
1.820356
3.030017
1.494727
3.199233
5.385913
1.292366
0.947714
0.252494
5.778584
0.700709
1.469510
1.910644
6.005959
2.226849
1.622238
0.951505
1.611861
3.574663
6.808399
4.753271
1.159733
3.874260
1.783008
0.205239
2.146767
1.156105
1.793009
1.692455
0.239034
1.293645
3.800943
4.104720
2.842875
1.171045
5.231870
0.280728
4.492328
0.712475
0.705775
3.478713
0.504955
3.914299
0.064149
0.977321
0.117205
2.150253
1.318808
2.247899
0.970624
1.941452
1.570037
2.685639
3.293308
2.715621
2.284240
0.343507
1.860567
0.817061
2.864415
0.344015
4.069181
0.771163
2.035955
2.332221
1.328300
3.985214
6.887407
4.338234
0.368111
5.998891
2.115310
1.285166
0.629740
3.494201
3.045193
3.301244
1.521224
1.416608
5.683980
0.396016
6.807735
1.911441
4.870530
1.372351
3.309491
7.048800
2.939128
3.288874
6.615759
3.368240
7.782955
2.545515
0.814230
0.689725
4.357631
1.875167
5.715262
4.313241
5.382094
4.191890
3.789308
3.225706
5.577526
8.557275
1.012107
2.649794
3.816115
1.229773
1.617221
1.142342
0.580465
5.470134
2.635428
0.934108
3.830888
4.356517
1.777117
10.486669
3.004306
2.335892
0.235305
4.453896
4.029312
5.368293
4.566121
5.689892
0.678363
8.226253
2.507048
1.758334
3.113538
1.080808
2.622818
0.385076
1.629364
4.425205
1.979680
0.856599
3.415063
4.034914
1.433205
1.471649
1.230181
8.290521
2.105298
0.181251
0.811258
6.974344
0.201724
1.546433
0.334521
4.822220
2.372364
8.420876
2.438646
4.462438
1.100294
0.967441
8.672552
2.204284
1.821685
1.994965
0.947195
1.427354
2.620740
0.959551
5.928797
0.961996
4.343764
1.323648
3.632245
3.355027
1.597484
4.853602
1.130526
2.858858
0.782207
4.762857
0.525254
0.927910
0.907120
3.308968
0.830315
1.295086
3.084397
1.221875
1.126874
2.949212
0.618872
2.688319
2.924639
1.867097
2.474810
0.931461
0.331204
1.998956
2.392629
4.176147
4.603240
0.680429
7.407609
3.119284
0.486272
0.700094
0.137270
5.787159
4.683419
3.528112
3.526985
3.318361
1.597161
7.781706
4.523336
4.881170
3.987689
6.371753
8.473337
12.437984
1.081054
5.672712
5.062935
2.004146
2.991881
4.773660
5.348181
3.449457
0.794998
0.988404
2.614987
0.438373
3.182599
0.296796
2.904786
2.281798
1.929597
2.696743
0.927723
1.983098
12.363570
7.730659
4.048647
1.703308
3.034267
0.277028
1.021283
6.147493
6.372218
6.114672
5.766697
1.641193
2.498875
8.900470
7.440479
2.483239
0.788577
6.871887
5.989310
4.222326
0.701079
2.378168
4.606947
2.353281
9.220747
0.604105
1.631832
3.408504
3.469629
3.684067
6.132531
4.591831
6.164441
3.914562
1.426012
3.529177
8.322308
3.539980
5.392659
8.078193
1.040410
1.222890
5.271872
1.958931
1.547836
6.206048
3.033874
8.057264
1.280288
0.726870
5.047753
2.684688
0.644566
1.570594
1.614908
3.576702
5.408423
1.788316
0.543560
6.485338
5.032500
6.541677
1.795720
0.666601
2.854584
0.032442
3.800496
1.277935
0.665297
1.604660
0.461552
4.121661
4.488724
1.830532
2.406543
9.074022
2.912310
3.914970
1.165625
3.311358
7.307130
2.859431
1.651868
2.824987
4.941547
8.384567
1.114611
3.411267
2.029220
4.128853
5.459308
2.463364
11.212986
2.401280
1.266261
0.153738
0.682045
2.407890
5.724391
0.790731
9.226510
3.043326
3.285258
4.556037
3.394326
1.107771
4.216990
1.534776
0.500237
0.240423
2.764857
0.526490
5.388822
2.984576
9.958644
1.060723
5.719762
0.966588
4.769188
1.453178
1.344605
2.770645
2.193578
2.152850
0.485307
0.587999
2.318467
2.216485
1.139558
3.236717
4.122069
6.320741
3.368210
2.946767
0.046376
5.098295
1.548763
2.195553
1.637317
0.201856
0.687669
4.606906
0.362605
0.769191
0.893525
3.039256
5.017262
6.071716
0.732246
5.978629
8.368782
4.480499
2.993897
4.040634
4.007932
2.312387
3.960865
2.066113
2.478815
3.179831
0.491141
2.540139
0.775547
4.390691
2.794430
0.128644
3.209581
2.047444
0.893490
3.457427
1.126061
0.987445
0.336155
0.764399
2.184055
1.808635
0.133887
0.629524
9.354920
1.211173
0.625929
1.192029
1.240747
0.911693
3.212493
2.337629
2.454092
1.875231
3.413425
6.771712
0.081509
5.877316
2.724408
1.921073
2.535583
7.650965
0.017316
2.098373
6.773602
1.762713
6.790707
3.759766
0.499843
0.962045
3.615538
1.913768
0.634097
0.984045
1.807023
2.369814
8.058357
3.556746
2.107917
2.448395
9.233604
3.925895
1.608893
1.948739
0.735843
12.643470
3.143913
0.354664
1.010845
0.916109
11.076268
1.060749
1.338410
0.988286
1.290963
0.469949
8.337990
6.888910
2.985575
1.710068
8.817049
0.545302
5.644486
6.142131
3.949284
2.220255
7.005310
1.740684
2.861894
0.527108
5.586967
5.136105
0.485262
3.188192
3.315793
5.663263
3.006256
1.678952
1.972936
4.651464
1.025558
1.495219
0.576469
2.339100
5.167123
0.381899
2.663717
0.511238
0.231310
2.371957
0.085919
0.485259
0.462237
1.934070
1.715968
3.894323
2.842669
1.907553
1.157815
0.360254
0.695436
2.499516
1.229279
1.457956
4.574089
4.908404
2.150511
0.377527
1.318934
0.033001
3.493039
1.501716
1.494999
3.537903
4.935762
2.503651
0.090939
0.963021
1.639935
1.560264
2.867559
3.517026
3.555225
0.422019
1.326402
0.736771
5.462449
0.810959
4.509685
2.540996
2.236617
1.859523
10.639817
3.298583
4.890440
4.345404
1.120160
0.690669
2.632511
0.279329
2.158402
2.612254
0.218957
1.444775
3.160982
1.549485
0.617755
2.758164
1.241469
6.603402
1.521710
0.376576
2.576402
1.119056
0.825782
0.626355
1.185235
0.004125
1.176539
6.380058
2.747133
2.289222
0.655096
4.832487
3.801358
2.314761
6.304954
6.148477
1.773904
3.071088
7.486941
3.599508
3.677931
3.597325
2.224875
0.867398
2.554574
3.727080
1.612666
1.995697
1.644544
5.477784
1.896225
6.421329
2.540320
0.714092
0.060216
2.228184
1.325831
0.161415
1.943829
1.339225
2.293170
3.477063
0.096802
1.407307
6.930518
6.929481
10.411928
0.582867
0.502559
6.647363
5.782389
2.638716
1.215570
1.391801
0.220496
0.441423
2.447175
2.847695
0.806780
1.078646
0.423895
3.503425
2.110973
2.898165
2.039844
3.095718
2.214819
2.958544
5.177116
2.734912
3.340003
0.018839
2.362526
1.634425
1.539281
2.815447
6.195665
5.204844
0.125155
0.865262
0.078623
2.646528
1.546319
0.947338
0.602614
6.391580
0.385223
2.146774
0.947138
5.540255
2.207900
0.919178
2.864917
1.150747
1.921778
9.005731
0.335202
1.326507
1.474899
0.154091
7.644174
2.045858
0.431049
3.358148
3.447519
0.793673
7.942292
1.542405
4.416964
0.726500
1.631921
0.191036
3.295961
1.709358
1.544549
1.649337
0.929510
1.545962
1.529387
0.893861
0.565037
0.935505
2.271849
0.566950
0.915583
0.172017
1.904224
0.772204
3.008426
4.424909
1.972192
1.907378
1.913912
1.187165
0.296017
1.043276
2.337429
2.562286
0.969874
1.970136
0.726212
3.886864
1.959953
1.537910
2.687085
0.830874
1.148526
3.475717
0.496759
0.803533
0.289314
1.940736
0.186346
3.716328
2.702074
0.969372
3.218052
0.804309
2.485495
1.138394
4.030968
0.887191
1.161802
0.351772
0.592446
0.403079
2.946536
2.553149
4.816519
5.613983
1.528192
1.937933
0.076042
4.650017
1.313977
1.218028
0.250564
0.668144
0.036945
3.646998
2.387910
2.444605
0.212025
0.585794
0.654649
0.649630
1.474603
0.267438
4.951766
3.417969
5.008966
2.160743
6.052872
0.904683
2.463760
2.521398
0.907883
1.324712
1.505541
1.373032
2.284549
2.533429
2.406438
1.439886
7.768531
5.470112
4.333887
4.181650
5.553123
1.840647
4.967217
2.417967
4.412401
1.729336
1.181683
3.479715
3.775027
0.948318
0.264750
1.289057
1.089104
0.775326
2.456007
1.419273
2.828644
3.469616
0.178810
0.905664
5.879999
0.684056
0.487419
1.032243
3.415289
0.170468
2.072210
0.590449
0.710000
0.156803
0.891695
1.002817
1.682826
0.983480
1.038260
0.871309
2.049955
0.347529
0.852571
0.917292
0.969470
3.001372
1.200773
0.677786
1.553212
1.109113
0.124508
1.331156
2.992105
2.013022
1.966422
0.816481
1.432286
1.239363
2.804582
0.797139
1.269506
4.063810
2.006887
0.146549
0.391400
0.141592
3.239005
0.684059
2.028509
4.666647
3.862570
0.025165
0.933642
2.879851
3.044165
0.352235
1.252252
1.214375
2.125665
1.697864
0.980339
2.628470
0.257810
0.694480
1.264193
0.197875
0.411890
0.883772
0.876456
0.586221
0.486813
1.111213
3.467705
0.803814
1.819215
2.443051
1.908754
2.539929
1.999868
3.101511
0.697605
1.586864
0.992881
1.937066
1.180623
1.727972
1.590307
0.419128
2.503763
1.500612
1.048500
4.869300
5.004418
0.064156
0.534170
1.264189
0.496483
3.836015
2.258602
2.816146
1.046957
3.821666
0.181711
1.661678
1.770475
2.548198
1.916765
1.401471
0.630785
1.957876
0.960628
0.810780
1.138311
0.965803
0.554943
2.049931
1.173311
0.048973
1.513174
2.087856
1.169361
1.020155
3.075834
1.353918
0.596781
0.845020
0.005880
0.834854
0.624226
0.835056
2.217916
2.109143
2.242314
2.110690
2.960306
2.171673
0.543334
1.491477
0.399156
5.019249
0.650468
1.983242
1.231869
0.153508
1.104187
0.448088
4.281543
0.353715
0.244619
2.275158
1.403811
0.851604
0.993604
0.505823
0.900855
0.049722
1.934814
1.212272
1.540103
1.107668
0.672252
0.873412
3.286639
3.772049
3.447815
3.524860
1.636729
0.159722
0.788496
0.631350
0.854645
1.067452
0.082858
0.754390
3.967065
0.850732
1.726932
0.339505
0.010140
0.924929
2.072390
0.127674
0.857739
1.925736
0.385442
0.074582
1.206576
0.610459
0.142671
0.224341
0.933191
0.881940
0.822337
1.676712
4.018289
0.121338
1.077841
0.037562
0.724587
0.359576
0.972572
4.660929
0.084617
0.800766
0.392588
0.860014
0.141840
0.045681
3.483213
0.885971
0.617997
0.188398
0.311046
0.863286
0.607550
0.335728
0.399655
0.309626
0.903085
0.975791
0.924444
0.276167
0.826949
0.073411
0.676246
0.964267
0.374956
0.453230
0.161081
0.444865
