3.381093
0.063318
1.817800
6.842847
2.085366
6.670784
5.552670
1.904582
1.584865
0.404536
5.767779
2.609421
1.131583
9.855253
6.459545
15.920386
2.476855
3.713506
4.956488
2.774415
3.684067
5.690082
13.241741
0.951701
1.229941
1.098482
8.489024
4.414837
3.617175
10.895787
8.387508
0.057428
3.229854
1.681461
0.040073
0.087796
0.205829
3.648069
11.997061
13.576917
5.758529
13.599129
2.653317
0.736919
8.972865
0.705065
1.976711
0.753023
3.859156
2.991268
5.535464
8.897530
0.078894
7.036616
6.577439
3.040124
4.175779
15.640997
4.915570
0.739495
2.548735
9.359042
0.901427
5.004986
5.708194
3.242425
7.056688
5.030622
13.957133
2.614713
4.661622
15.033094
5.522482
4.551876
3.499044
3.505966
2.419429
2.967330
1.015968
0.875475
3.972813
9.448720
0.083957
0.260857
4.566844
3.289311
0.533011
4.772203
2.355919
3.504671
4.568731
1.242146
3.494582
2.148018
1.341332
0.633957
0.043564
1.442694
1.215536
0.827830
2.658870
1.497415
0.578049
6.967025
29.488543
8.464004
4.116801
0.579220
0.315717
3.958855
0.055772
1.906559
2.712877
0.757883
3.242105
16.539906
7.181626
4.607657
2.206347
1.709027
1.757947
1.938090
0.803243
5.170916
2.144152
0.176352
4.703914
6.668911
3.676920
0.985088
1.965183
1.281994
0.614017
13.906523
11.496308
5.600686
10.729403
0.415224
0.317323
10.102404
2.005727
8.246194
1.854419
1.306571
4.213984
3.836735
6.075713
1.724761
1.452009
7.008498
1.018986
11.776638
4.202428
1.033191
10.085636
1.936935
1.741670
3.705096
0.499829
0.844761
1.184257
2.471341
0.502932
1.318961
4.726418
2.037136
0.872813
5.037045
0.532459
2.674666
0.194285
1.804081
0.219387
0.364066
0.184276
4.566684
0.474629
1.464610
3.251138
0.128596
4.568163
6.118348
6.621937
0.679634
11.038788
5.386323
1.819630
3.591990
0.809807
3.881546
0.550718
2.642466
1.055893
2.762044
0.245144
21.008410
5.203563
8.082412
1.806467
9.697065
4.291101
5.474241
6.333052
2.618561
9.747100
3.478188
0.169110
3.262834
0.269057
12.903439
1.123334
10.588710
1.143350
8.610714
8.948575
3.693783
0.875881
9.314165
9.088087
2.262663
3.046211
5.373344
1.560096
0.206690
1.083093
0.687967
3.469457
6.117857
0.221303
0.195484
2.098983
0.006762
16.689659
1.744014
0.983933
0.810144
13.564977
0.478522
5.589315
0.422942
5.713841
0.916087
9.952782
2.695950
3.404511
0.624413
0.722685
1.348165
0.142005
2.234952
4.303251
1.911702
0.130128
6.355989
5.180804
1.864777
0.062833
0.171363
5.918287
4.473864
0.330238
0.071002
0.230115
0.270288
0.316661
1.310760
6.672496
4.256800
4.301212
2.726423
3.825278
0.084080
1.554056
10.032999
3.025440
7.452345
0.530156
1.967092
3.750509
2.011580
0.404357
6.388654
0.578143
3.511995
0.722855
0.769138
8.211982
0.863609
7.400046
0.597001
3.609357
0.066238
1.629326
0.027671
0.907683
0.608324
1.724740
2.447744
8.659463
3.773691
0.561842
0.331777
2.263346
0.603627
5.152811
2.892096
1.206154
9.204481
0.084855
1.958950
4.121816
1.358115
1.137963
0.197413
0.699314
11.130096
3.221410
0.022500
0.166496
0.070663
1.871694
4.366117
1.445152
0.795429
1.688774
1.017376
7.752272
3.219523
10.036754
4.925147
11.832911
13.633754
9.670667
0.697777
6.773967
4.813655
7.045640
4.091350
6.399940
6.044151
11.778276
0.637170
1.492482
1.010173
0.157255
0.664531
3.735636
0.104377
1.585358
1.780831
4.967737
1.676809
0.221518
3.020764
7.088873
0.542951
0.662503
6.464365
2.078548
1.150928
1.903717
1.720327
1.242918
6.143249
1.739917
0.357927
0.503152
1.997128
1.677202
1.728476
3.771021
1.268177
0.081221
0.158417
1.238862
0.436603
4.399882
7.354122
0.482116
2.464321
7.916873
5.330177
6.428611
9.391020
5.608057
2.015823
6.062463
3.794941
11.714029
0.327055
2.399706
2.418567
0.060650
0.186518
0.566040
5.267023
0.980621
2.490201
2.401085
5.391147
9.085993
1.243213
2.297108
3.467389
0.972166
1.066337
1.560505
0.166783
1.623673
9.918009
2.375659
2.737133
7.074403
2.534346
2.208285
2.569320
2.673351
0.636061
0.431046
4.798165
0.385085
3.444321
0.399814
0.031596
3.945092
2.148566
3.997693
0.929782
1.878418
0.899251
1.686231
2.047430
0.008907
4.270950
0.440055
0.682009
1.375759
2.754404
0.049159
1.704105
5.502849
0.534702
1.801841
2.698119
1.779459
5.349275
1.373117
0.577953
0.105066
0.562344
6.029304
7.127443
1.101267
5.031933
0.196568
0.206045
3.157264
4.136667
3.498234
7.824008
0.591671
1.029100
0.124804
0.322412
2.212555
0.639658
7.185591
10.533371
1.119201
8.200401
1.394503
0.877141
1.610800
1.524619
0.864792
3.450433
2.076042
0.210523
1.069707
4.775212
5.773548
0.782905
11.468492
9.919357
0.367719
4.500429
0.188541
0.098923
5.806996
1.033274
4.300459
1.124566
0.220270
0.139732
7.370355
1.090897
0.006943
0.744718
2.802599
3.597136
0.102926
0.290039
2.993145
11.266562
0.403815
2.573257
0.210246
4.104630
2.283785
2.004372
0.937845
6.449444
2.801667
0.608561
2.796551
0.135324
1.940038
5.241435
0.080849
0.625762
0.394645
1.232644
5.216457
0.224894
0.268869
0.087445
1.165403
1.269804
1.670477
0.136605
0.613635
3.570271
0.834356
0.068780
0.130222
0.484421
0.824403
2.464975
1.369186
1.605760
0.237514
7.417714
4.303761
0.296551
0.713474
1.674322
0.658889
0.990319
0.704476
0.097669
0.209371
10.313006
1.675846
0.129940
1.988619
1.439172
0.390068
4.620850
1.324215
0.582278
0.059328
5.218947
1.085132
13.812970
2.515573
0.749449
2.262263
3.674472
5.751184
0.687839
8.300498
2.339423
2.462319
0.966433
0.067128
0.006295
0.436018
2.636514
0.146924
0.660517
0.187303
0.277608
0.486813
3.843831
1.122781
3.626904
0.811701
3.600971
0.096426
7.691493
6.748696
0.781934
2.062984
0.556889
0.073941
1.583189
0.712306
5.640357
1.759346
0.130151
2.755577
0.335232
3.313667
0.027542
0.978073
0.609903
2.874599
2.171405
0.274328
5.007895
2.334159
3.447193
0.275472
4.276931
0.190259
0.002115
0.159492
0.171704
0.058860
0.107375
0.041569
1.858098
1.768719
0.425352
0.275994
0.892969
1.308744
0.199813
1.003071
0.294461
0.298428
0.169007
0.148509
1.860343
0.052534
0.984254
0.136305
3.286108
1.350171
0.278799
4.220519
2.127848
1.398678
0.518661
0.616226
0.174804
2.496421
0.798168
0.966618
2.037919
0.517805
0.401580
0.439781
6.008346
0.208610
1.181378
1.333755
1.407677
0.603009
8.881279
5.090056
3.023808
3.133496
1.369568
0.157123
0.436809
0.278129
1.448278
1.312329
0.140917
0.138940
1.008063
0.214779
0.017749
2.582303
0.979260
4.843978
0.457011
0.457033
1.316396
0.936091
0.602812
0.458138
0.417567
0.652599
0.664863
8.392818
1.333998
1.302432
0.501658
4.290061
0.805492
1.889640
0.848054
5.100004
3.372183
1.848595
3.708192
0.353311
2.242765
2.049017
0.431220
1.206801
2.416526
0.689675
2.149638
3.103166
0.914563
0.040872
1.783620
2.694184
2.108061
0.880352
0.904737
1.952040
1.327067
0.214157
0.165714
1.597557
0.018338
1.216416
0.421313
1.725340
6.951010
1.515417
2.311870
1.459826
0.705176
1.976134
3.599139
0.576186
0.710902
0.428115
1.760234
0.149879
0.151789
0.200750
0.069426
0.188700
0.000950
0.825164
1.719577
2.116866
1.248195
0.085002
2.636893
0.024294
0.471162
0.290448
2.515391
0.277939
3.412380
1.921586
1.668032
0.829994
5.629381
6.794845
0.100795
0.149947
0.254136
2.072187
0.480852
0.014466
0.111381
6.185753
0.071600
0.323798
0.812949
0.117774
0.175791
1.341724
1.883707
0.049580
0.040686
2.909989
0.025377
1.637378
0.126732
0.435639
4.194849
1.706090
0.874351
1.724162
3.020525
0.062490
0.334809
0.713401
2.831380
0.355592
0.780932
0.051852
0.676146
2.223500
1.088215
0.804241
0.690525
0.365110
1.687748
0.018397
0.873118
1.253949
1.328577
0.271843
0.056599
0.648425
0.634304
0.453775
2.218895
2.025345
1.144186
2.248482
1.173407
0.374508
0.268038
0.181441
1.122509
0.302141
0.507707
2.288727
0.179629
0.426438
0.928124
0.279099
3.600543
2.358141
0.162129
0.306812
0.702901
0.483108
0.055950
1.239300
0.007120
0.531028
0.704548
0.860867
4.245399
2.731248
0.496472
0.846277
0.762136
0.316966
1.109835
0.043412
0.553209
0.011061
1.187753
3.385391
0.681598
1.575878
0.372448
1.911592
0.488182
2.723661
0.450388
1.341293
0.040243
0.016724
0.032491
2.661494
4.052655
0.446594
0.444549
0.069467
1.355435
1.155599
0.905273
0.111280
2.731648
0.432376
2.068987
1.166321
0.339064
0.080312
0.882842
0.048764
0.116350
0.263391
0.594085
0.189255
0.022537
2.267071
1.880789
1.159375
3.953151
5.440773
3.288202
1.827083
2.366084
3.921836
1.586024
0.602990
0.653358
1.269808
3.214049
3.332413
3.128761
0.054303
0.007348
1.080264
1.574078
0.684945
2.935210
0.963739
1.495932
0.265325
0.465093
3.691407
2.899040
0.269313
1.000972
0.544573
3.274709
0.333145
1.038654
0.927578
0.002915
0.019488
0.102201
0.032385
0.545550
0.930475
0.584546
0.433716
1.550698
1.061266
0.699220
1.425347
1.156523
1.543903
0.824614
0.432472
1.520102
0.361504
0.092582
1.748201
0.810443
0.277838
0.537894
0.543649
1.324845
1.468162
1.423663
0.630404
0.035275
1.515334
1.341414
0.010437
0.215223
0.228442
0.045656
0.244017
0.339248
1.813351
0.661423
0.226030
0.283613
4.081069
3.540773
0.134199
1.913449
0.391222
2.968659
1.019127
0.003485
0.346971
0.002185
0.202670
0.836111
0.838476
0.426088
0.003073
0.498082
0.464950
0.441733
0.888335
4.499567
0.443186
0.701987
2.433463
2.818800
0.878563
0.503379
1.132501
0.206068
0.506173
0.083282
1.049392
0.042718
0.306513
1.170046
0.139991
0.336345
0.091544
0.889145
6.158617
2.243509
0.310686
0.279146
0.429929
0.039594
0.786968
0.186561
0.843780
2.021137
3.339484
0.014519
0.927685
1.081511
1.237522
1.334885
0.082087
0.001732
0.216192
0.789099
0.067513
0.245075
1.083999
0.339871
1.436680
1.606329
0.014378
0.607381
0.306079
0.350637
0.054061
2.748967
0.152036
0.086144
0.058889
0.002621
0.153312
0.799524
0.016308
1.280188
0.474096
1.001776
0.320525
2.717654
1.285918
0.439208
0.097217
0.165014
0.775172
0.178755
1.651007
0.410014
0.578422
0.327241
0.460772
1.316082
0.187150
0.080304
1.885991
0.292977
0.428789
0.418415
0.427269
0.949655
0.450816
1.014959
0.092999
1.338098
0.778205
0.000921
1.241778
3.149117
3.381283
0.557348
0.144351
1.148354
0.147955
0.390314
0.961421
0.313763
0.668555
0.183654
0.458261
1.872204
0.202563
0.155184
0.023782
0.069577
0.010943
0.235365
0.560069
0.816016
0.501310
0.060333
0.190182
0.267670
0.392910
0.027356
0.300133
0.029244
0.296678
0.919388
0.386218
2.096627
0.440775
0.235908
0.046535
0.139154
0.028323
0.401917
3.267332
0.166740
0.154229
0.280475
0.796483
0.519972
0.858641
1.115574
0.114964
0.044614
0.052562
0.020691
0.108078
0.037694
0.031729
0.014682
0.174200
0.022862
1.066802
0.005030
0.501357
0.018664
0.063264
0.317206
0.088150
0.229488
0.017737
0.407540
0.172517
