10.403548
2.832058
1.032945
3.837683
0.871994
2.700000
3.701368
3.019528
6.290974
4.570863
2.143351
3.500894
9.095336
6.935760
6.697926
15.481966
0.156009
6.520224
1.848925
5.361454
15.527700
0.445352
0.461159
1.357303
3.040745
0.934664
0.571741
1.786216
2.306913
3.112564
1.928153
1.499645
0.440073
4.626166
0.004762
0.002933
0.001504
3.232965
4.198682
6.723470
5.911333
21.013361
0.098550
7.624988
0.808358
9.987037
1.978638
0.146542
11.259278
10.157022
1.336130
0.173542
0.377538
9.643538
1.968030
10.803983
9.199780
4.747330
3.714313
0.423767
2.953206
12.006828
0.819219
3.741165
6.349990
6.297282
2.197054
1.696276
4.760180
11.443051
1.526827
2.234579
5.929735
1.402363
1.990773
13.613792
3.773454
3.539381
0.263994
6.492855
9.449160
0.718037
1.190476
7.020866
2.710676
0.448396
1.612606
3.862267
0.592233
5.671580
2.898473
0.982403
7.944910
3.249036
0.080994
1.700659
0.858149
0.271946
0.105552
0.374128
3.311488
0.214296
1.981392
2.323144
23.842323
1.816102
5.149071
0.076930
0.024187
1.917078
0.012127
3.102272
0.834158
1.999900
2.662841
13.653662
4.602830
3.204021
2.151990
12.403517
0.473306
2.736278
0.353565
4.961287
1.482968
0.141797
4.076202
4.359736
0.796757
1.095212
7.344038
2.155089
3.517749
6.764115
10.960045
3.412457
5.205888
0.915950
1.002429
8.540722
0.619819
6.236464
14.075259
4.183805
7.078598
0.862962
3.500678
3.918141
4.338813
5.394978
0.147084
0.128992
1.566463
1.684340
3.021167
1.524365
4.499128
5.142519
0.900941
0.784578
2.757218
3.086774
1.895156
1.459358
0.387771
1.003580
3.515802
2.874108
1.396315
1.197187
0.352340
0.305882
0.212145
0.429149
0.019892
5.297634
0.780225
1.126061
0.692550
0.923961
0.179549
0.815433
0.211052
0.417236
10.573366
4.739126
1.353736
2.902226
2.778651
2.501536
0.186355
0.588813
9.510747
6.975316
1.273209
22.834738
7.970481
7.506303
2.661889
7.516131
8.499468
2.319198
5.304124
5.418422
14.913141
13.293027
2.641524
0.871802
0.800452
7.775368
2.738585
7.077445
2.109896
2.136970
2.671693
7.735461
4.560423
5.279350
14.205751
0.273903
0.491892
1.921660
2.638546
0.261367
0.749884
0.438716
3.891991
2.476153
0.552632
2.983879
0.671928
1.238550
10.065716
2.105907
5.186108
1.060019
0.777059
6.534973
7.346819
1.594011
11.624466
0.147116
1.854204
0.079481
2.422170
3.164026
0.069402
0.397888
0.321044
1.231434
4.495364
0.324038
0.004546
2.837624
8.029176
5.892228
1.121858
1.155504
3.413847
0.102779
0.156894
0.015021
5.629952
2.257269
0.800581
1.037043
6.005548
5.878392
12.043697
0.374143
1.126068
0.195491
1.727982
2.247589
4.112154
6.837567
0.564697
1.199269
4.785570
1.214271
0.014229
8.477493
0.448398
3.907280
2.221523
2.705646
1.652467
0.328505
5.296065
1.160841
0.372593
0.313277
2.633157
0.040449
1.496289
2.160438
1.872629
1.187730
4.332295
2.168428
2.408760
1.074604
4.357731
1.301929
0.814479
2.465307
4.501521
0.275140
1.922394
1.755719
1.772344
5.056018
6.562973
6.411512
0.346773
4.904628
4.325457
0.275750
0.960502
2.542102
1.655527
4.499527
0.661766
0.835308
1.611148
0.870132
6.145785
2.546527
2.671681
0.965815
2.402072
2.900363
29.230129
5.236434
5.066447
1.286255
5.000549
1.223068
9.945268
5.343091
11.110477
0.853433
0.075705
7.147540
0.526992
0.819197
2.223502
1.704017
0.714472
0.913405
5.565245
1.912594
2.941501
12.559615
10.540889
11.847625
2.953536
9.658703
2.027097
1.213836
6.346000
4.030856
3.077921
0.263399
3.876165
0.116859
0.113810
5.204473
1.804097
0.613387
0.406579
2.693080
3.680788
0.087470
1.346990
9.274220
2.761812
9.592473
0.680961
2.185350
0.517190
5.811095
5.235274
1.937844
0.244426
7.814604
7.647089
2.801036
12.294765
4.582667
4.077205
5.226456
5.663425
0.081217
4.964561
8.595081
1.922358
2.583421
3.592795
2.238191
7.632833
0.853002
0.056554
1.867201
1.170816
0.236846
1.411106
1.321837
3.963202
0.449390
0.139505
0.193136
10.042303
0.946081
3.662530
0.093707
2.208807
7.169321
2.427449
2.431932
0.556521
1.107987
3.010855
0.466038
3.113009
5.002695
3.864725
0.033625
9.005194
3.283364
0.717461
5.185498
4.618487
3.086341
0.589108
0.233995
0.322117
1.585567
0.206897
0.195229
5.395164
0.261813
4.490186
1.119467
4.764214
8.720973
0.441858
1.002767
0.097561
0.137319
5.014038
10.515660
1.584059
0.983879
2.247194
3.241323
0.493181
0.888545
2.939896
5.037936
0.196069
0.809958
0.100980
1.047000
0.794514
2.791167
0.917448
1.106320
1.347185
4.341686
2.791510
2.727713
0.075389
1.228346
3.666252
0.590113
3.430349
0.673643
1.859818
2.139382
3.793290
0.195682
5.932998
0.456405
3.616689
5.622452
6.550794
0.470387
4.406660
3.156002
2.370860
1.659813
0.261563
0.503829
0.587038
0.513373
0.640506
0.719351
2.106524
9.043926
2.089347
0.088737
4.733352
7.048691
0.555169
0.057415
2.737105
3.018220
3.090174
1.942028
1.558572
5.868721
0.176298
0.152268
2.717170
0.127577
0.680598
2.640337
0.380943
0.064824
4.587241
1.614110
3.696848
1.591807
0.587321
0.387403
2.217389
0.733887
0.601338
0.071310
1.008732
10.202930
2.879215
0.423060
0.961538
0.681244
0.037687
2.057783
0.521001
0.288057
0.068778
3.374628
9.927019
0.883047
2.183245
1.484618
0.933624
1.651036
9.340121
0.355233
0.847548
1.765462
1.492812
1.892870
4.530269
0.277157
0.391790
3.390525
1.621553
0.007245
3.761079
2.269568
3.386958
8.169540
4.382549
2.399935
0.119186
3.411951
2.558547
1.054078
0.410255
0.830950
11.407441
0.745957
0.452537
1.304069
0.080030
4.614437
0.546115
0.552117
0.563352
1.353529
0.029434
2.509745
9.983219
4.970223
1.001883
2.938278
1.823046
0.829463
9.714679
4.028054
1.190080
3.794616
2.664650
1.949738
0.625243
8.577277
3.139806
1.300452
1.660414
2.097050
2.949237
1.058678
0.020959
1.210278
2.458446
0.484344
0.482929
0.868797
0.338971
0.820685
0.576660
1.848130
0.255464
0.047337
1.948951
0.115769
0.177316
0.315831
1.352773
0.768971
1.370817
1.317909
0.524678
0.221945
0.932175
0.224488
1.492575
0.532000
0.779054
3.920444
2.108459
1.426570
0.342618
2.059264
0.306199
2.675628
0.157640
2.737416
0.686661
5.754560
2.885372
0.480913
0.768899
0.259299
0.396700
2.972452
0.983376
1.580934
1.668654
0.303268
0.010024
2.358760
0.247146
1.736791
5.853317
0.743338
0.194181
9.817167
2.068072
2.788308
3.343706
1.240892
0.014461
1.122688
0.220618
0.214057
3.389895
0.131829
0.174555
2.113235
1.570778
0.511581
2.603912
0.431587
3.358879
1.479565
0.455266
1.266004
1.125484
0.940080
0.056882
0.975859
0.078879
0.548019
2.815860
0.668347
0.145611
0.177483
5.149080
4.337650
2.010928
2.350614
5.418167
2.463935
1.205710
4.484569
1.652625
0.695014
1.747248
0.441556
1.445563
1.399413
0.637290
3.335104
4.528591
0.616049
6.035078
2.588300
5.026871
0.080391
0.971491
0.742275
1.310481
0.929072
0.677392
1.034336
2.406158
0.115455
1.174156
0.320451
0.617964
2.320233
6.252344
8.990926
0.258296
0.509316
5.477351
1.009594
1.089992
0.470677
0.364754
0.027775
1.228303
1.445039
1.069994
0.934022
1.261996
0.143750
1.973229
1.231755
1.659057
0.390803
0.671286
3.481794
0.015139
4.111887
1.145813
2.262476
0.281083
1.168018
1.184296
0.420137
1.848555
9.812074
1.135127
0.165832
0.248381
0.090718
3.320672
0.454816
0.121450
0.525672
0.984913
0.168414
1.654804
0.107770
2.522823
2.697906
1.203610
2.998202
1.479842
0.649690
7.372957
0.080627
0.736689
0.909355
0.045355
0.634086
0.705792
0.071579
2.068498
0.611440
0.166881
1.572450
0.300166
5.138530
0.531015
0.784122
0.062273
0.170094
1.277232
0.206034
3.578594
0.843394
0.273842
0.342921
0.455764
0.419098
0.479359
0.533745
0.030110
0.377670
0.325244
2.010824
0.744288
0.080915
1.775671
2.315816
2.380367
0.173317
0.658788
0.718772
0.604277
1.224120
1.691312
1.062420
2.653210
1.054224
1.123138
3.901355
0.267566
4.357464
0.749183
0.774430
2.211969
0.898646
0.348689
0.463654
1.730934
0.037736
4.774426
1.029779
0.361329
7.006910
0.717573
1.844581
1.069038
3.446812
0.158854
0.717498
0.009346
0.303060
0.433249
0.651939
0.755274
2.333669
1.723199
0.165624
0.949377
0.068397
2.651697
1.150311
0.823723
0.306269
0.311060
0.230528
2.321961
0.366517
0.713187
0.814515
0.370811
0.108215
1.444036
0.887388
0.159420
0.969934
2.858071
4.547592
0.385482
0.678965
0.812512
0.685113
2.898893
0.027350
0.716062
1.017501
0.893234
1.339138
2.301538
0.215458
0.555368
1.017216
2.803908
3.330788
5.900175
6.763731
0.508429
3.672297
0.620219
1.056260
1.665217
0.675949
0.092459
3.651336
0.438066
0.117517
2.038068
1.270160
0.297254
0.720055
1.504132
1.794715
0.574125
0.110104
0.146320
1.433100
0.011483
0.376926
0.460024
3.807265
0.397575
1.295863
0.221165
0.175966
0.426616
0.222426
0.708972
0.728836
1.238761
0.191464
0.516113
0.235430
0.606111
0.094795
0.875675
0.356784
2.134136
0.355828
0.452784
0.489293
0.082026
0.364743
1.676695
3.718865
0.364023
1.747085
0.045913
1.311546
1.891783
2.228153
0.030125
1.219953
0.612027
0.671956
0.352332
0.119807
0.494269
0.672131
0.149356
1.069525
0.096912
1.410476
0.078031
0.041427
3.653807
0.851160
0.295974
0.083251
0.499477
0.588249
1.811386
0.029940
0.248539
0.007042
0.362693
0.232873
0.203923
0.018439
0.021739
0.881578
0.340647
0.340171
0.770448
4.214019
0.112781
0.710281
2.170030
1.577497
0.055983
0.733644
4.380313
0.443316
0.354756
1.625000
0.957253
0.800499
0.681044
0.823028
0.230418
1.477810
0.599337
0.159284
5.926112
3.955175
0.425190
0.963883
0.487136
0.178411
0.149470
0.155270
0.917148
3.125491
3.564785
0.000000
0.310509
0.068245
0.273685
1.972305
0.575664
0.259804
0.674239
0.658533
0.132311
0.331725
1.067015
0.492058
0.298393
0.508023
0.065347
0.013781
1.913344
1.479628
1.110179
0.441540
0.049414
0.171527
0.047985
0.068323
0.189615
0.121897
0.516157
1.519190
1.980866
0.540677
0.739939
1.309529
0.293021
0.155757
1.079167
0.111236
2.611739
0.020487
1.082508
0.722210
1.016500
0.271572
0.726014
0.615822
0.041312
0.163866
1.672797
1.215323
0.129371
0.069055
0.368840
0.509501
0.047447
0.221292
0.136485
1.462332
0.323827
0.163934
0.068474
1.033452
2.558365
2.267224
2.945109
2.209010
0.125887
0.110405
0.314962
0.005430
0.549483
0.281575
0.197004
1.979972
1.525503
0.050453
0.079772
0.294764
0.012857
0.995457
0.007075
0.885735
1.346292
0.077348
0.321018
0.233454
0.377338
0.017699
0.072073
0.105882
0.357176
0.373484
0.382931
0.107509
0.078894
0.265139
0.691167
0.133532
0.346440
0.356310
2.743430
0.289731
0.176873
0.029631
0.416367
0.173889
0.423774
2.296767
0.060158
0.349645
0.293913
0.216738
0.108302
0.000000
0.015504
0.062500
0.111938
0.635294
0.419613
0.060729
0.119796
0.088083
0.226542
0.010323
0.400539
0.302861
0.020690
0.043322
0.563257
