Inf_UN Inf_GT Sus_UN Sus_GT F_GT G_GT
0.6610 0.6727 0.2920 0.2870 10.3883 3.3621
0.2800 0.2851 0.0050 0.0050 2.8454 0.0487
0.0540 0.0550 0.1090 0.1072 1.0166 1.7995
0.3020 0.3074 0.7770 0.7637 3.8127 6.8275
0.1850 0.1882 0.4200 0.4128 0.8671 2.0756
0.2850 0.2900 0.7800 0.7667 2.6873 6.6573
0.3200 0.3257 0.5040 0.4954 3.6778 5.5294
0.7220 0.7346 0.8270 0.8126 3.0223 1.9095
0.9540 0.9706 0.2250 0.2211 6.2878 1.5701
0.3060 0.3115 0.0280 0.0276 4.5677 0.3860
0.2260 0.2300 0.7630 0.7499 2.1350 5.7675
0.4160 0.4233 0.2750 0.2704 3.4865 2.5919
0.7020 0.7144 0.0950 0.0934 9.0769 1.1039
0.3810 0.3879 0.7020 0.6901 6.9132 9.8105
0.6950 0.7072 0.8240 0.8099 6.6852 6.4560
0.6540 0.6656 0.6720 0.6606 15.4651 15.8787
0.0520 0.0529 0.8150 0.8010 0.1503 2.4743
0.7110 0.7236 0.5560 0.5466 6.5163 3.6752
0.1290 0.1313 0.3720 0.3657 1.8282 4.9201
0.6200 0.6309 0.4780 0.4698 5.3401 2.7714
0.7450 0.7582 0.1680 0.1652 15.5102 3.6454
0.0650 0.0661 0.8070 0.7933 0.4376 5.7023
0.0190 0.0193 0.5030 0.4945 0.4325 13.2193
0.0640 0.0652 0.0460 0.0453 1.3441 0.9177
0.2960 0.3012 0.1260 0.1239 3.0328 1.2038
0.9570 0.9728 0.6570 0.6454 0.9321 1.0959
0.0520 0.0529 0.8650 0.8504 0.5580 8.4545
0.3140 0.3195 0.8830 0.8679 1.7763 4.4159
0.5760 0.5861 0.8650 0.8501 2.3098 3.6062
0.2960 0.3012 0.7940 0.7806 3.0973 10.8929
0.1360 0.1384 0.7750 0.7618 1.9191 8.3715
0.9240 0.9396 0.0520 0.0511 1.5172 0.0546
0.1510 0.1536 0.8730 0.8579 0.4347 3.2353
0.4340 0.4417 0.2990 0.2939 4.6108 1.6693
0.4710 0.3907 0.1270 0.1243 0.0024 0.0356
0.4490 0.3724 0.3110 0.3045 0.0022 0.0871
0.2850 0.2364 0.7650 0.7490 0.0014 0.2142
0.2530 0.2575 0.4040 0.3971 3.2139 3.6178
0.4230 0.4304 0.9100 0.8945 4.1708 11.9556
0.5530 0.5628 0.9790 0.9624 6.7178 13.5474
0.2970 0.3023 0.2460 0.2418 5.8815 5.7549
0.8340 0.8487 0.5390 0.5299 20.9759 13.5682
0.0250 0.0254 0.5870 0.5770 0.0963 2.6527
0.7750 0.7886 0.1090 0.1072 7.6120 0.7383
0.0550 0.0560 0.5940 0.5840 0.7924 8.9433
0.5490 0.5587 0.0420 0.0413 9.9671 0.6836
0.6320 0.6429 0.5590 0.5494 1.9737 1.9599
0.0680 0.0692 0.3860 0.3793 0.1418 0.7504
0.6210 0.6320 0.2090 0.2055 11.2221 3.8423
0.9920 1.0094 0.2830 0.2782 10.1531 2.9803
0.1570 0.1598 0.5640 0.5544 1.3241 5.5170
0.0090 0.0092 0.4710 0.4630 0.1574 8.8529
0.4050 0.4117 0.4290 0.4193 0.3730 0.0764
0.7000 0.7123 0.6200 0.6095 9.6040 7.0215
0.2600 0.2646 0.9710 0.9544 1.9625 6.5776
0.5430 0.5526 0.1820 0.1789 10.7775 3.0157
0.5980 0.6086 0.3100 0.3047 9.1823 4.1593
0.2500 0.2545 0.9110 0.8956 4.7337 15.6291
0.3620 0.3684 0.5280 0.5190 3.7080 4.9379
0.4400 0.4473 0.7340 0.7207 0.4215 0.7355
0.5470 0.5568 0.7880 0.7743 2.9363 2.5311
0.8240 0.8385 0.8510 0.8365 11.9933 9.3389
0.1180 0.1201 0.2210 0.2172 0.8076 0.8917
0.3440 0.3501 0.6770 0.6653 3.7307 4.9908
0.6520 0.6636 0.7020 0.6899 6.3440 5.7002
0.7170 0.7296 0.4620 0.4541 6.2938 3.2382
0.2880 0.2932 0.9960 0.9791 2.1862 7.0656
0.2020 0.2056 0.6420 0.6310 1.6857 4.9903
0.3190 0.3247 0.9620 0.9457 4.7442 13.9346
0.9500 0.9668 0.3140 0.3087 11.4219 2.5933
0.2170 0.2208 0.6970 0.6851 1.5238 4.6650
0.1240 0.1262 0.8120 0.7982 2.2291 14.9822
0.5760 0.5862 0.6690 0.6577 5.9259 5.5179
0.1270 0.1293 0.4390 0.4316 1.3901 4.5213
0.3370 0.3429 0.8370 0.8226 1.9762 3.4869
0.5620 0.5720 0.1540 0.1514 13.5875 3.4973
0.9750 0.9920 0.7140 0.7017 3.7625 2.4140
0.6770 0.6889 0.5300 0.5211 3.5278 2.9521
0.0400 0.0407 0.1770 0.1740 0.2532 0.9940
0.5070 0.5161 0.0650 0.0640 6.4764 0.8546
0.7770 0.7907 0.3610 0.3548 9.4351 3.9515
0.0620 0.0631 0.9630 0.9467 0.7074 9.4201
0.3060 0.3113 0.0300 0.0295 1.1582 0.0811
0.9560 0.9727 0.0350 0.0344 7.0142 0.2532
0.2520 0.2564 0.3890 0.3824 2.7007 4.5540
0.0720 0.0733 0.9400 0.9237 0.4426 3.2825
0.4490 0.4568 0.3120 0.3065 1.5984 0.5320
0.8970 0.9126 0.7850 0.7715 3.8544 4.7657
0.2300 0.2339 0.6260 0.6153 0.5897 2.3456
0.5230 0.5323 0.3460 0.3401 5.6385 3.4752
0.4870 0.4956 0.8690 0.8541 2.8908 4.5579
0.1950 0.1988 0.1680 0.1655 0.9730 1.2316
0.9560 0.9730 0.3730 0.3670 7.9090 3.4931
0.2540 0.2586 0.1840 0.1809 3.2337 2.1434
0.0280 0.0285 0.9340 0.9175 0.0756 1.3394
0.4620 0.4701 0.3060 0.3006 1.6928 0.6328
0.8420 0.8560 0.1260 0.1235 0.8479 0.0427
0.1000 0.1019 0.4040 0.3975 0.2684 1.4330
0.0680 0.0691 0.5630 0.5532 0.1038 1.2082
0.2680 0.2725 0.5630 0.5530 0.3739 0.8242
0.5580 0.5679 0.4880 0.4799 3.3117 2.6474
0.0920 0.0936 0.8220 0.8077 0.2115 1.4952
0.7590 0.7723 0.1690 0.1661 1.9825 0.5756
0.2950 0.3002 0.7140 0.7019 2.3025 6.9536
0.6830 0.6951 0.8870 0.8720 23.7868 29.4644
0.1170 0.1191 0.5790 0.5692 1.8059 8.4499
0.6800 0.6920 0.4760 0.4680 5.1449 4.0931
0.0350 0.0356 0.1480 0.1455 0.0745 0.5735
0.2950 0.2958 0.8580 0.8409 0.0218 0.3175
0.3860 0.3928 0.8420 0.8275 1.9122 3.9566
0.4550 0.4462 0.1860 0.1822 0.0127 0.0569
0.3510 0.3572 0.2570 0.2527 3.0913 1.8897
0.1210 0.1231 0.4400 0.4325 0.8217 2.7108
0.5770 0.5871 0.2460 0.2418 1.9907 0.7535
0.5090 0.5179 0.7330 0.7207 2.6585 3.2113
0.8010 0.8152 0.8940 0.8789 13.6306 16.4898
0.6790 0.6910 0.7580 0.7451 4.5934 7.1608
0.7020 0.7145 0.9120 0.8966 3.1955 4.6001
0.5230 0.5322 0.5030 0.4944 2.1448 2.2087
0.7290 0.7420 0.1430 0.1406 12.3813 1.6933
0.0840 0.0855 0.4350 0.4275 0.4641 1.7683
0.3860 0.3928 0.3950 0.3883 2.7333 1.9264
0.2530 0.2573 0.5960 0.5854 0.3547 0.7992
0.5070 0.5160 0.6770 0.6655 4.9625 5.1554
0.2920 0.2971 0.4370 0.4296 1.4761 2.1356
0.2410 0.2450 0.1120 0.1101 0.1439 0.1739
0.5920 0.6024 0.6140 0.6035 4.0664 4.6965
0.2720 0.2768 0.4600 0.4522 4.3400 6.6350
0.1820 0.1852 0.9500 0.9337 0.7964 3.6727
0.2020 0.2056 0.1800 0.1769 1.0946 0.9781
0.5290 0.5385 0.2020 0.1986 7.3214 1.9491
0.2950 0.3002 0.2330 0.2290 2.1541 1.2729
0.5120 0.5210 0.0900 0.0885 3.5220 0.6115
0.3710 0.3776 0.7030 0.6911 6.7444 13.8779
0.4900 0.4987 0.6300 0.6194 10.9231 11.4691
0.6400 0.6515 0.7690 0.7564 3.4144 5.6268
0.3860 0.3928 0.8300 0.8158 5.1925 10.7302
0.5350 0.5442 0.3400 0.3340 0.9111 0.4134
0.9140 0.9291 0.3510 0.3446 1.0063 0.3145
0.5260 0.5353 0.5980 0.5879 8.5180 10.0602
0.1470 0.1496 0.4990 0.4905 0.6208 1.9970
0.6330 0.6441 0.9490 0.9328 6.2224 8.2402
0.9370 0.9535 0.1480 0.1455 14.0494 1.8383
0.8810 0.8967 0.4260 0.4189 4.1821 1.3104
0.7640 0.7774 0.5150 0.5063 7.0739 4.2070
0.0690 0.0702 0.3020 0.2969 0.8527 3.8161
0.4110 0.4183 0.5240 0.5152 3.4849 6.0679
0.5520 0.5617 0.2990 0.2939 3.9010 1.7145
0.7460 0.7590 0.2560 0.2516 4.3253 1.4461
0.6010 0.6116 0.7590 0.7461 5.3850 6.9980
0.2170 0.2205 0.7440 0.7309 0.1439 1.0185
0.0090 0.0092 0.9090 0.8937 0.1178 11.8343
0.3470 0.3531 0.6660 0.6546 1.5625 4.1865
0.9980 1.0150 0.6750 0.6632 1.6836 1.0321
0.3870 0.3938 0.9980 0.9809 3.0070 10.0718
0.6770 0.6886 0.6290 0.6182 1.5205 1.9342
0.7950 0.8089 0.2460 0.2418 4.4918 1.7250
0.8750 0.8906 0.6320 0.6213 5.1284 3.6839
0.9870 1.0032 0.2860 0.2810 0.9061 0.5005
0.5730 0.5827 0.5080 0.4997 0.7787 0.8164
0.5700 0.5799 0.2560 0.2516 2.7594 1.1809
0.4420 0.4498 0.3780 0.3715 3.0790 2.4672
0.3860 0.3929 0.1050 0.1034 1.8949 0.5025
0.3840 0.3908 0.5650 0.5552 1.4484 1.3176
0.0590 0.0600 0.8490 0.8344 0.3814 4.7162
0.1870 0.1903 0.5550 0.5455 0.9961 2.0352
0.7950 0.8089 0.3160 0.3105 3.5242 0.8662
0.3720 0.3786 0.8310 0.8167 2.8689 5.0284
0.4690 0.4772 0.1880 0.1847 1.3929 0.5298
0.5700 0.5799 0.8180 0.8038 1.1913 2.6675
0.2900 0.2949 0.1980 0.1944 0.3500 0.1930
0.0960 0.0977 0.7030 0.6907 0.2978 1.7976
0.1680 0.1709 0.2860 0.2807 0.2129 0.2188
0.1940 0.1973 0.2770 0.2720 0.4219 0.3648
0.0280 0.0285 0.4810 0.4715 0.0197 0.1833
0.5420 0.5515 0.5560 0.5465 5.2937 4.5625
0.4560 0.4637 0.6050 0.5938 0.7743 0.4767
0.3210 0.3266 0.8590 0.8437 1.1283 1.4560
0.3090 0.3143 0.9990 0.9817 0.6915 3.2507
0.5550 0.5644 0.2850 0.2795 0.9241 0.1263
0.0470 0.0478 0.7510 0.7381 0.1762 4.5616
0.0500 0.0509 0.5010 0.4926 0.7984 6.1032
0.0110 0.0112 0.4130 0.4060 0.1922 6.6035
0.0990 0.1007 0.1180 0.1160 0.4072 0.6818
0.6490 0.6605 0.7990 0.7855 10.5651 11.0150
0.6440 0.6555 0.8810 0.8661 4.7405 5.3856
0.3960 0.4029 0.4550 0.4473 1.3555 1.8241
0.4520 0.4600 0.5920 0.5818 2.8887 3.5899
0.5640 0.5738 0.1160 0.1141 2.7574 0.7814
0.6230 0.6340 0.9360 0.9199 2.5007 3.8750
0.0340 0.0346 0.1010 0.0993 0.1771 0.5441
0.1240 0.1262 0.4840 0.4758 0.5811 2.6315
0.9380 0.9545 0.0830 0.0816 9.5001 1.0512
0.7150 0.7276 0.2580 0.2536 6.9455 2.7645
0.4050 0.4120 0.0580 0.0570 1.2753 0.2425
0.9250 0.9414 0.8970 0.8818 22.7975 20.9961
0.9860 1.0035 0.8940 0.8787 7.9600 5.1995
0.4740 0.4824 0.4750 0.4669 7.4868 8.0698
0.3370 0.3430 0.2490 0.2449 2.6458 1.7988
0.6040 0.6147 0.7840 0.7707 7.4902 9.6816
0.5170 0.5261 0.3360 0.3303 8.4731 4.2719
0.3030 0.3083 0.6530 0.6419 2.3176 5.4650
0.6690 0.6808 0.8890 0.8739 5.3045 6.3270
0.3010 0.3063 0.1160 0.1141 5.4087 2.6003
0.9480 0.9647 0.6710 0.6596 14.9073 9.7154
0.9380 0.9545 0.2540 0.2497 13.2886 3.4656
0.3370 0.3429 0.0220 0.0216 2.6148 0.1643
0.1230 0.1252 0.5630 0.5534 0.8665 3.2603
0.2410 0.2452 0.1100 0.1081 0.8023 0.2707
0.5940 0.6045 0.9210 0.9053 7.7475 12.8802
0.3510 0.3572 0.1660 0.1632 2.7248 1.1213
0.5330 0.5424 0.7370 0.7245 7.0612 10.5538
0.1850 0.1883 0.0890 0.0875 2.1033 1.1241
0.1970 0.2005 0.6880 0.6763 2.1306 8.6007
0.2260 0.2300 0.6330 0.6222 2.6587 8.9177
0.8150 0.8293 0.3950 0.3883 7.7303 3.6877
0.7830 0.7967 0.1500 0.1474 4.5422 0.8730
0.5320 0.5414 0.8780 0.8631 5.2673 9.2778
0.9130 0.9293 0.5200 0.5113 14.2008 9.0818
0.0760 0.0773 0.6080 0.5975 0.2714 2.2636
0.0970 0.0987 0.5450 0.5357 0.4853 3.0433
0.2910 0.2963 0.6780 0.6665 1.9087 5.3447
0.9120 0.9280 0.5080 0.4995 2.6329 1.5621
0.0560 0.0570 0.0630 0.0619 0.2493 0.2041
0.4000 0.4069 0.9490 0.9322 0.7396 1.0857
0.4950 0.5031 0.7980 0.7835 0.4336 0.6935
0.4600 0.4681 0.5210 0.5122 3.8787 3.4532
0.5080 0.5169 0.9900 0.9731 2.4663 6.1142
0.5520 0.5610 0.8220 0.8049 0.5514 0.2219
0.4170 0.4244 0.0360 0.0354 2.9899 0.1934
0.1360 0.1384 0.5240 0.5149 0.6718 2.0897
0.9630 0.9791 0.0370 0.0362 1.1912 0.0067
0.4700 0.4784 0.8440 0.8297 10.0500 16.6741
0.9350 0.9509 0.6670 0.6554 2.1103 1.7322
0.9380 0.9543 0.1800 0.1769 5.1862 0.9682
0.8410 0.8551 0.9980 0.9798 1.0588 0.8104
0.0520 0.0529 0.9250 0.9094 0.7697 13.5512
0.7400 0.7531 0.0650 0.0639 6.5275 0.4735
0.6780 0.6899 0.7070 0.6949 7.3312 5.5733
0.1870 0.1903 0.0740 0.0728 1.5641 0.4158
0.9530 0.9698 0.3880 0.3814 11.6047 5.7009
0.0840 0.0855 0.3540 0.3479 0.1464 0.9165
0.1420 0.1446 0.7470 0.7345 1.8406 9.9097
0.0180 0.0184 0.8860 0.8707 0.0740 2.7005
0.5330 0.5423 0.5900 0.5799 2.4140 3.3984
0.7700 0.7834 0.0990 0.0973 3.1493 0.6243
0.1640 0.1665 0.6890 0.6766 0.0679 0.7179
0.0680 0.0692 0.1590 0.1563 0.3860 1.3340
0.4210 0.4278 0.1320 0.1296 0.3200 0.1406
0.3020 0.3073 0.4920 0.4836 1.2279 2.2327
0.6220 0.6329 0.7510 0.7382 4.4877 4.3017
0.1210 0.1231 0.4820 0.4737 0.3265 1.9208
0.0250 0.0253 0.1740 0.1708 0.0042 0.1296
0.4040 0.4111 0.9660 0.9495 2.8324 6.3572
0.8480 0.8628 0.5920 0.5820 8.0085 5.1705
0.8030 0.8174 0.2580 0.2537 5.8723 1.8630
0.2570 0.2615 0.0080 0.0080 1.1277 0.0546
0.5920 0.6021 0.0600 0.0590 1.1503 0.1687
0.3420 0.3480 0.6460 0.6350 3.4056 5.9128
0.0320 0.0327 0.8900 0.8748 0.1000 4.4687
0.9140 0.9242 0.4430 0.4349 0.1536 0.3300
0.0060 0.0061 0.0500 0.0491 0.0112 0.0680
0.9770 0.9942 0.0350 0.0344 5.6207 0.2252
0.8680 0.8829 0.1620 0.1592 2.2507 0.2675
0.2400 0.2441 0.1000 0.0983 0.7841 0.3161
0.7950 0.8081 0.8140 0.7993 1.0391 1.3040
0.5190 0.5283 0.6960 0.6842 6.0064 6.6677
0.5340 0.5434 0.3080 0.3028 5.8671 4.2396
0.9190 0.9352 0.4060 0.3991 12.0334 4.2999
0.0550 0.0563 0.3060 0.3013 0.3642 2.6530
0.1110 0.1130 0.3210 0.3155 1.1159 3.8173
0.2780 0.2825 0.1490 0.1462 0.1999 0.0834
0.8440 0.8587 0.8850 0.8700 1.7192 1.5532
0.1650 0.1679 0.7970 0.7834 2.2504 10.0263
0.6370 0.6482 0.8180 0.8039 4.1106 3.0356
0.9820 0.9993 0.8780 0.8632 6.8308 7.4384
0.1480 0.1508 0.2410 0.2372 0.5597 0.5206
0.2110 0.2147 0.4750 0.4669 1.1945 1.9755
0.9200 0.9362 0.8530 0.8383 4.7766 3.7344
0.3010 0.3062 0.4580 0.4501 1.2109 2.0143
0.0100 0.0102 0.4740 0.4654 0.0124 0.4043
0.7830 0.7968 0.7400 0.7273 8.4470 6.3744
0.2420 0.2461 0.9390 0.9215 0.4513 0.5812
0.4950 0.5037 0.4150 0.4079 3.8986 3.4889
0.5000 0.5088 0.2760 0.2712 2.2200 0.7121
0.9050 0.9206 0.4680 0.4597 2.7032 0.7628
0.1660 0.1691 0.8880 0.8734 1.6316 8.1874
0.5850 0.5941 0.7410 0.7278 0.3305 0.8633
0.5060 0.5149 0.6960 0.6841 5.2771 7.3887
0.2640 0.2686 0.1170 0.1151 1.1532 0.5959
0.0590 0.0600 0.5240 0.5151 0.3669 3.5952
0.5690 0.5778 0.5720 0.5570 0.3112 0.0652
0.5280 0.5372 0.2830 0.2782 2.6279 1.6179
0.7520 0.7478 0.4320 0.4179 0.0346 0.0276
0.7870 0.8002 0.9270 0.9102 1.4945 0.8936
0.7380 0.7507 0.6270 0.6156 2.1461 0.6082
0.3700 0.3766 0.4190 0.4118 1.8637 1.7213
0.4290 0.4365 0.9300 0.9139 1.1909 2.4459
0.2560 0.2605 0.5100 0.5013 4.3264 8.6374
0.4040 0.4111 0.8670 0.8521 2.1650 3.7801
0.7250 0.7376 0.4080 0.4008 2.4034 0.5614
0.6020 0.6122 0.1920 0.1886 1.0722 0.3335
0.2850 0.2900 0.2190 0.2153 4.3346 2.2489
0.7120 0.7242 0.6160 0.6058 1.3022 0.5723
0.0920 0.0936 0.8930 0.8778 0.8003 5.1294
0.3200 0.3257 0.5920 0.5819 2.4586 2.8907
0.8770 0.8925 0.3410 0.3354 4.4911 1.1935
0.0290 0.0295 0.9000 0.8847 0.2657 9.2052
0.9730 0.9897 0.0480 0.0472 1.9207 0.0823
0.5650 0.5749 0.8470 0.8323 1.7509 1.9583
0.3540 0.3603 0.9850 0.9681 1.7757 4.1252
0.6200 0.6311 0.2570 0.2527 5.0592 1.3464
0.6070 0.6178 0.1480 0.1455 6.5489 1.1300
0.5340 0.5434 0.0210 0.0206 6.3744 0.1871
0.0690 0.0702 0.1990 0.1956 0.3389 0.6927
0.3480 0.3542 0.7370 0.7246 4.8636 11.1235
0.7770 0.7906 0.7620 0.7489 4.3201 3.2065
0.3570 0.3628 0.0720 0.0705 0.2835 0.0213
0.7480 0.7606 0.3570 0.3502 0.9589 0.1656
0.9490 0.9652 0.0410 0.0403 2.5414 0.0674
0.2010 0.2045 0.1940 0.1908 1.6420 1.8455
0.4460 0.4539 0.4670 0.4592 4.4868 4.3478
0.1480 0.1506 0.2810 0.2762 0.6595 1.4415
0.2080 0.2116 0.2010 0.1976 0.8372 0.7911
0.4060 0.4131 0.3600 0.3538 1.6082 1.6798
0.3640 0.3705 0.2920 0.2874 0.8696 1.0103
0.5810 0.5912 0.6550 0.6438 6.1435 7.7441
0.8750 0.8901 0.8330 0.8187 2.5349 3.2170
0.2150 0.2188 0.8910 0.8759 2.6654 10.0068
0.1630 0.1658 0.7460 0.7333 0.9619 4.9363
0.2030 0.2066 0.9430 0.9270 2.3926 11.8422
0.1430 0.1455 0.7660 0.7530 2.8853 13.6095
0.9970 1.0146 0.4270 0.4198 29.2041 9.6344
0.6670 0.6790 0.1210 0.1190 5.2226 0.6925
0.4870 0.4956 0.7160 0.7038 5.0473 6.7683
0.1850 0.1883 0.9960 0.9790 1.2758 4.8216
0.8460 0.8609 0.9060 0.8909 4.9855 7.0188
0.1730 0.1760 0.6360 0.6251 1.2134 4.0831
0.8340 0.8488 0.7390 0.7265 9.9238 6.3635
0.6300 0.6411 0.7300 0.7177 5.3430 6.0269
0.7050 0.7175 0.8300 0.8160 11.0734 11.7719
0.7000 0.7115 0.5500 0.5401 0.8582 0.6369
0.0270 0.0275 0.7090 0.6966 0.0707 1.4946
0.8300 0.8447 0.1270 0.1249 7.1239 1.0122
0.5380 0.5467 0.2830 0.2772 0.5181 0.1596
0.1340 0.1364 0.1350 0.1327 0.8103 0.6553
0.3240 0.3298 0.6300 0.6193 2.2168 3.7346
0.6250 0.6359 0.0350 0.0344 1.6850 0.1024
0.1580 0.1608 0.4640 0.4562 0.7099 1.6027
0.3110 0.3176 0.5590 0.5500 0.9168 1.7681
0.7770 0.7906 0.9030 0.8875 5.5680 4.9629
0.3430 0.3491 0.3330 0.3273 1.9088 1.6803
0.6320 0.6431 0.0450 0.0442 2.9350 0.2153
0.7060 0.7184 0.1420 0.1396 12.5251 3.0086
0.5340 0.5435 0.4200 0.4130 10.5337 7.0447
0.6360 0.6473 0.0380 0.0374 11.8131 0.5273
0.5430 0.5525 0.2050 0.2015 2.9539 0.6581
0.9940 1.0116 0.6570 0.6460 9.6458 6.4603
0.7340 0.7467 0.9650 0.9481 2.0251 2.0776
0.4880 0.4964 0.4550 0.4471 1.2098 1.1502
0.7390 0.7521 0.1980 0.1946 6.3244 1.8927
0.4410 0.4488 0.2250 0.2212 4.0082 1.7147
0.5150 0.5240 0.2090 0.2054 3.0673 1.2333
0.0510 0.0519 0.9070 0.8915 0.2600 6.1313
0.9890 1.0062 0.3790 0.3726 3.8709 1.7260
0.0530 0.0539 0.2960 0.2905 0.1161 0.3570
0.0060 0.0062 0.0330 0.0325 0.1008 0.4985
0.5030 0.5119 0.1770 0.1740 5.1930 1.9828
0.4180 0.4253 0.2660 0.2615 1.7907 1.6798
0.2630 0.2676 0.7330 0.7203 0.6091 1.7365
0.0520 0.0529 0.5410 0.5318 0.3934 3.7702
0.4080 0.4152 0.1940 0.1907 2.6875 1.2620
0.6550 0.6665 0.0180 0.0177 3.6549 0.0761
0.3530 0.3577 0.5310 0.5202 0.0868 0.1577
0.5460 0.5554 0.7730 0.7594 1.3432 1.2360
0.6470 0.6588 0.0350 0.0345 9.2476 0.4236
0.5410 0.5510 0.9330 0.9173 2.7569 4.4010
0.4670 0.4753 0.4040 0.3972 9.5628 7.3451
0.6950 0.7065 0.2620 0.2574 0.6839 0.4792
0.3390 0.3449 0.5550 0.5455 2.1798 2.4614
0.0370 0.0377 0.7380 0.7254 0.5062 7.9018
0.5470 0.5567 0.7140 0.7018 5.7933 5.3229
0.6730 0.6848 0.9560 0.9397 5.2258 6.4148
0.1520 0.1547 0.8350 0.8208 1.9309 9.3771
0.0300 0.0305 0.7770 0.7637 0.2357 5.6154
0.9330 0.9494 0.3780 0.3715 7.8176 2.0140
0.9970 1.0145 0.9030 0.8876 7.6300 6.0564
0.5950 0.6054 0.6260 0.6153 2.7840 3.7823
0.8180 0.8324 0.8650 0.8503 12.2585 11.7095
0.3710 0.3775 0.0220 0.0216 4.5863 0.3203
0.6180 0.6290 0.3350 0.3293 4.0640 2.3902
0.8160 0.8304 0.3390 0.3332 5.2240 2.4150
0.3630 0.3694 0.0050 0.0049 5.6428 0.0477
0.0660 0.0671 0.1400 0.1375 0.0772 0.1854
0.9150 0.9312 0.1010 0.0993 4.9611 0.5603
0.4760 0.4844 0.3900 0.3834 8.5761 5.2541
0.6400 0.6511 0.2990 0.2938 1.9206 0.9720
0.5480 0.5576 0.5990 0.5887 2.5794 2.4864
0.6140 0.6247 0.3950 0.3882 3.5833 2.3898
0.4590 0.4670 0.9010 0.8856 2.2358 5.3844
0.7630 0.7765 0.8430 0.8286 7.6346 9.0943
0.3440 0.3500 0.2910 0.2861 0.8469 1.2333
0.0180 0.0183 0.8710 0.8558 0.0537 2.2872
0.2100 0.2137 0.4010 0.3942 1.8577 3.4562
0.5480 0.5574 0.5550 0.5453 1.1694 0.9657
0.4130 0.4193 0.5720 0.5620 0.2362 1.0754
0.2280 0.2321 0.3010 0.2961 1.4058 1.5444
0.4640 0.4721 0.0300 0.0295 1.3215 0.1613
0.5490 0.5586 0.2450 0.2408 3.9599 1.6133
0.0520 0.0529 0.9020 0.8867 0.4400 9.9103
0.0390 0.0397 0.6660 0.6546 0.1374 2.3796
0.0290 0.0295 0.6530 0.6418 0.1906 2.7302
0.9240 0.9402 0.8570 0.8424 10.0189 7.0591
0.2150 0.2187 0.4140 0.4069 0.9439 2.5300
0.3590 0.3653 0.1620 0.1593 3.6553 2.1906
0.0150 0.0153 0.4840 0.4757 0.0886 2.5696
0.5630 0.5729 0.8930 0.8775 2.2177 2.6638
0.8570 0.8722 0.1510 0.1484 7.1551 0.6282
0.6520 0.6633 0.2090 0.2053 2.4228 0.4280
0.2470 0.2513 0.5490 0.5397 2.4231 4.7944
0.5030 0.5114 0.2270 0.2230 0.5639 0.3841
0.2350 0.2391 0.9240 0.9081 1.1038 3.4465
0.8580 0.8729 0.1950 0.1916 2.9987 0.3857
0.7800 0.7923 0.5380 0.5192 0.4633 0.0296
0.6110 0.6217 0.7690 0.7559 3.1094 3.9411
0.9770 0.9941 0.5070 0.4982 4.9954 2.1421
0.4640 0.4723 0.5420 0.5330 3.8521 3.9745
0.0810 0.0822 0.6820 0.6699 0.0331 0.9262
0.6890 0.7011 0.1490 0.1465 8.9818 1.8641
0.4830 0.4915 0.1390 0.1366 3.2738 0.8922
0.1090 0.1109 0.2860 0.2812 0.7173 1.6737
0.7700 0.7836 0.4020 0.3952 5.1852 2.0518
0.7160 0.7286 0.0010 0.0010 4.6519 0.0045
0.1570 0.1598 0.2620 0.2576 3.0659 4.2612
0.2190 0.2228 0.1210 0.1189 0.5950 0.4314
0.1860 0.1891 0.3180 0.3125 0.2325 0.6751
0.1040 0.1058 0.4520 0.4442 0.3223 1.3732
0.3590 0.3652 0.4900 0.4816 1.5749 2.7499
0.0170 0.0174 0.0040 0.0040 0.1875 0.0429
0.1950 0.1983 0.8870 0.8716 0.1925 1.6942
0.8590 0.8741 0.9350 0.9189 5.3876 5.5100
0.3030 0.3079 0.4180 0.4106 0.2636 0.5300
0.6990 0.7114 0.2580 0.2536 4.4834 1.7781
0.1810 0.1842 0.5240 0.5150 1.1142 2.6902
0.7540 0.7673 0.3330 0.3273 4.7706 1.7582
0.6950 0.7073 0.4660 0.4581 8.6938 5.3478
0.0590 0.0600 0.1960 0.1927 0.4412 1.3685
0.6300 0.6407 0.4510 0.4430 1.0080 0.5782
0.1590 0.1615 0.0960 0.0943 0.0967 0.1056
0.0980 0.0996 0.5800 0.5693 0.1394 0.5667
0.7730 0.7867 0.9490 0.9326 5.0090 6.0252
0.8920 0.9078 0.5270 0.5181 10.4739 7.1003
0.5100 0.5188 0.6890 0.6768 1.5759 1.0969
0.0720 0.0733 0.3250 0.3197 0.9693 5.0200
0.4190 0.4264 0.0470 0.0462 2.2282 0.1929
0.9430 0.9593 0.0440 0.0432 3.2647 0.2020
0.1010 0.1028 0.5430 0.5337 0.4866 3.1375
0.1050 0.1069 0.4620 0.4543 0.8824 4.1284
0.4070 0.4145 0.7260 0.7142 2.9361 3.4841
0.4040 0.4112 0.6390 0.6283 5.0241 7.8246
0.2240 0.2277 0.3490 0.3429 0.1947 0.5867
0.3470 0.3531 0.3130 0.3079 0.8113 1.0285
0.1610 0.1636 0.1750 0.1718 0.0998 0.1225
0.1890 0.1924 0.0460 0.0454 1.0249 0.2935
0.6810 0.6922 0.9210 0.9050 0.7913 2.2215
0.3690 0.3755 0.0570 0.0561 2.7808 0.6130
0.0930 0.0946 0.7220 0.7097 0.9048 7.1673
0.0690 0.0702 0.8790 0.8641 1.0916 10.5322
0.4680 0.4761 0.9760 0.9585 1.3474 1.1195
0.5070 0.5159 0.9630 0.9464 4.3374 8.1768
0.8460 0.8606 0.5620 0.5523 2.7901 1.3893
0.4330 0.4406 0.1490 0.1464 2.7136 0.8727
0.0680 0.0691 0.8900 0.8744 0.0749 1.6064
0.9720 0.9883 0.9860 0.9686 1.2247 1.5263
0.8490 0.8640 0.1510 0.1484 3.6549 0.8649
0.1070 0.1089 0.7230 0.7105 0.5878 3.4487
0.5230 0.5322 0.4220 0.4147 3.4267 2.0699
0.6240 0.6344 0.1910 0.1876 0.6689 0.2095
0.4770 0.4853 0.2340 0.2300 1.8541 1.0680
0.3440 0.3501 0.7990 0.7854 2.1349 4.7892
0.5850 0.5953 0.7120 0.6999 3.7803 5.7565
0.0710 0.0722 0.2700 0.2654 0.1919 0.7781
0.4500 0.4582 0.9700 0.9535 5.9265 11.4392
0.0530 0.0539 0.9920 0.9751 0.4457 9.9250
0.4040 0.4112 0.0550 0.0541 3.6364 0.3590
0.7170 0.7296 0.7380 0.7254 5.6184 4.4885
0.9720 0.9890 0.0360 0.0355 6.5600 0.1815
0.5310 0.5397 0.3920 0.3836 0.4837 0.0980
0.5500 0.5595 0.8590 0.8444 4.3928 5.7759
0.8500 0.8649 0.6740 0.6621 3.1493 1.0353
0.4280 0.4356 0.9800 0.9631 2.3617 4.3051
0.9320 0.9479 0.8090 0.7946 1.6590 1.1221
0.2810 0.2856 0.8860 0.8671 0.2560 0.2215
0.5490 0.5580 0.5660 0.5539 0.5001 0.1415
0.0660 0.0672 0.9420 0.9261 0.5842 7.3429
0.3370 0.3428 0.9160 0.8996 0.5106 1.0910
0.2040 0.2076 0.0010 0.0010 0.6646 0.0025
0.1990 0.2025 0.2180 0.2145 0.7188 0.7307
0.5770 0.5872 0.7950 0.7813 2.1009 2.7920
0.7940 0.8082 0.5930 0.5828 9.0349 3.5817
0.2370 0.2412 0.0100 0.0098 2.0553 0.0964
0.1090 0.1108 0.5320 0.5219 0.0859 0.2910
0.6290 0.6400 0.4150 0.4079 4.7351 2.9834
0.4830 0.4915 0.8960 0.8808 7.0523 11.2538
0.1530 0.1557 0.0710 0.0698 0.5462 0.3991
0.0130 0.0132 0.8400 0.8254 0.0567 2.5704
0.2870 0.2921 0.0270 0.0265 2.7417 0.2034
0.5560 0.5659 0.8110 0.7971 3.0085 4.0996
0.6640 0.6757 0.8170 0.8027 3.0909 2.2860
0.4700 0.4783 0.5690 0.5591 1.9331 2.0000
0.4230 0.4304 0.5370 0.5275 1.5499 0.9403
0.9440 0.9606 0.8570 0.8424 5.8660 6.4198
0.0280 0.0285 0.4140 0.4070 0.1705 2.8011
0.1020 0.1048 0.6890 0.6766 0.1535 0.6111
0.8530 0.8677 0.7270 0.7144 2.7040 2.7895
0.1290 0.1311 0.4620 0.4524 0.1285 0.1331
0.1530 0.1557 0.4900 0.4816 0.6782 1.9487
0.4630 0.4711 0.7020 0.6900 2.6363 5.2425
0.3800 0.3863 0.2770 0.2713 0.3785 0.0798
0.0180 0.0183 0.4370 0.4293 0.0626 0.6253
0.7680 0.7817 0.0950 0.0934 4.5988 0.3897
0.4620 0.4701 0.7700 0.7563 1.6105 1.2305
0.7070 0.7194 0.9060 0.8906 3.6835 5.1968
0.9230 0.9387 0.2160 0.2121 1.5986 0.2264
0.3210 0.3265 0.8140 0.7975 0.5784 0.2702
0.3970 0.4036 0.2690 0.2635 0.3819 0.0858
0.5700 0.5800 0.3480 0.3420 2.2087 1.1581
0.1580 0.1608 0.3200 0.3145 0.7336 1.2678
0.2260 0.2299 0.5830 0.5729 0.5887 1.6715
0.2020 0.2049 0.1140 0.1120 0.0663 0.1321
0.8090 0.8223 0.3650 0.3586 1.0040 0.6110
0.7710 0.7846 0.3310 0.3254 10.1672 3.5596
0.8480 0.8625 0.5550 0.5450 2.8781 0.8314
0.1670 0.1699 0.1090 0.1070 0.4269 0.0679
0.5400 0.5497 0.1200 0.1189 0.9439 0.1288
0.6700 0.6811 0.7410 0.7272 0.6794 0.4839
0.0250 0.0254 0.8970 0.8806 0.0351 0.8234
0.5230 0.5324 0.6040 0.5938 2.0449 2.4426
0.3130 0.3184 0.8470 0.8320 0.5205 1.3696
0.1020 0.1038 0.9370 0.9205 0.2858 1.6004
0.0270 0.0275 0.0800 0.0786 0.0643 0.2351
0.4150 0.4223 0.8970 0.8817 3.3748 7.4218
0.9570 0.9738 0.4240 0.4168 9.9183 4.3405
0.9900 1.0062 0.2920 0.2868 0.8851 0.2970
0.2380 0.2422 0.0770 0.0757 2.1687 0.7036
0.3660 0.3724 0.5050 0.4963 1.4753 1.6670
0.6510 0.6620 0.7030 0.6903 0.9283 0.6538
0.9210 0.9366 0.5910 0.5806 1.6467 0.9899
0.9230 0.9393 0.0800 0.0787 9.3315 0.6837
0.8100 0.8223 0.7680 0.7488 0.3556 0.0975
0.2880 0.2930 0.1510 0.1483 0.8234 0.2129
0.1140 0.1160 0.8530 0.8385 1.7526 10.2821
0.5190 0.5281 0.5980 0.5877 1.4880 1.6720
0.1540 0.1567 0.0090 0.0088 1.8733 0.1154
0.8380 0.8527 0.4040 0.3970 4.5235 1.9731
0.1280 0.1302 0.5590 0.5493 0.2767 1.4310
0.1290 0.1312 0.1640 0.1612 0.3891 0.3841
0.6200 0.6309 0.7780 0.7647 3.3926 4.5972
0.4910 0.4995 0.5170 0.5081 1.6080 1.3256
0.0030 0.0031 0.4790 0.4709 0.0050 0.6313
0.7550 0.7684 0.0220 0.0216 3.7493 0.0561
0.4100 0.4172 0.8930 0.8776 2.2599 5.2232
0.9340 0.9504 0.5540 0.5443 3.3773 1.0814
0.4990 0.5079 0.7620 0.7491 8.1586 13.7739
0.8480 0.8626 0.4490 0.4413 4.3867 2.5180
0.7890 0.8029 0.5670 0.5570 2.3938 0.7439
0.0410 0.0417 0.7980 0.7843 0.1163 2.2583
0.4760 0.4843 0.3160 0.3106 3.4015 3.6738
0.5030 0.5118 0.9760 0.9593 2.5447 5.7516
0.9930 1.0095 0.5410 0.5314 1.0526 0.6865
0.0560 0.0570 0.9200 0.9044 0.4063 8.2993
0.2530 0.2574 0.7920 0.7782 0.8309 2.3293
0.8230 0.8375 0.2030 0.1996 11.3994 2.4474
0.2680 0.2726 0.3340 0.3282 0.7394 0.9596
0.8560 0.8693 0.0980 0.0962 0.4537 0.0663
0.7720 0.7849 0.0030 0.0029 1.3008 0.0045
0.3240 0.3282 0.7920 0.7769 0.0784 0.4332
0.2390 0.2433 0.1400 0.1377 4.6031 2.6400
0.7290 0.7408 0.1260 0.1238 0.5526 0.1486
0.5880 0.5977 0.5720 0.5617 0.5562 0.6584
0.1850 0.1882 0.0620 0.0609 0.5520 0.1865
0.9770 0.9930 0.2310 0.2268 1.3502 0.2790
0.4740 0.4745 0.9570 0.9386 0.0308 0.4852
0.3570 0.3634 0.4950 0.4866 2.5104 3.8328
0.8290 0.8436 0.1040 0.1022 9.9795 1.1086
0.9050 0.9210 0.7630 0.7499 4.9594 3.6220
0.5220 0.5316 0.5580 0.5485 0.9991 0.7974
0.1910 0.1944 0.2660 0.2614 2.9244 3.5708
0.9750 0.9916 0.1050 0.1031 1.8340 0.0965
0.0660 0.0672 0.7770 0.7638 0.8190 7.6869
0.8280 0.8426 0.5970 0.5869 9.6893 6.7377
0.6240 0.6350 0.1080 0.1062 4.0204 0.7780
0.2380 0.2424 0.4660 0.4584 1.1833 2.0718
0.4480 0.4559 0.0540 0.0531 3.7713 0.5458
0.9810 0.9979 0.0220 0.0216 2.6850 0.0715
0.5380 0.5474 0.6290 0.6181 1.9535 1.5819
0.3640 0.3702 0.7050 0.6921 0.6221 0.7106
0.6820 0.6944 0.5850 0.5754 8.5802 5.6376
0.4830 0.4915 0.2520 0.2477 3.1265 1.7605
0.4350 0.4427 0.0310 0.0305 1.3072 0.1260
0.7590 0.7722 0.7460 0.7333 1.6599 2.7415
0.5180 0.5271 0.0920 0.0905 2.1124 0.3313
0.5580 0.5677 0.5400 0.5309 2.9501 3.2978
0.5580 0.5675 0.0150 0.0147 1.0390 0.0268
0.0350 0.0356 0.5480 0.5383 0.0193 0.9776
0.9580 0.9739 0.2890 0.2839 1.2032 0.5971
0.4010 0.4081 0.5740 0.5641 2.4509 2.8482
0.2100 0.2137 0.9090 0.8929 0.4815 2.1625
0.3500 0.3560 0.1930 0.1896 0.4784 0.2781
0.2930 0.2982 0.9810 0.9642 0.8626 4.9992
0.1260 0.1282 0.9430 0.9265 0.3328 2.3302
0.0940 0.0958 0.4600 0.4522 0.8119 3.4436
0.3850 0.3916 0.2610 0.2563 0.5798 0.2740
0.4890 0.4976 0.9120 0.8964 1.8435 4.2618
0.2950 0.2999 0.3900 0.3826 0.2564 0.1899
0.3090 0.3119 0.0080 0.0078 0.0519 0.0016
0.8660 0.8809 0.0730 0.0718 1.9494 0.1562
0.6860 0.6923 0.9050 0.8837 0.1152 0.1765
0.9960 1.0052 0.2870 0.2803 0.1673 0.0560
0.2190 0.2226 0.2420 0.2370 0.3219 0.1053
0.7110 0.7228 0.0120 0.0118 1.3601 0.0386
0.4090 0.4160 0.5150 0.5064 0.7677 1.8504
0.6820 0.6933 0.5510 0.5415 1.3681 1.7638
0.6630 0.6741 0.2480 0.2436 1.3326 0.4285
0.2740 0.2786 0.1550 0.1523 0.5209 0.2691
0.5210 0.5283 0.7730 0.7591 0.2183 0.8851
0.7740 0.7863 0.6500 0.6386 0.9342 1.3045
0.6050 0.6135 0.2060 0.2023 0.2257 0.1969
0.3520 0.3581 0.2020 0.1985 1.4858 0.9934
0.6500 0.6605 0.1840 0.1807 0.5330 0.2964
0.7090 0.7208 0.9640 0.9442 0.7863 0.2950
0.9180 0.9341 0.0650 0.0639 3.9171 0.1664
0.4500 0.4578 0.0380 0.0373 2.1371 0.1465
0.3450 0.3513 0.5780 0.5680 1.4117 1.8548
0.8200 0.8317 0.5150 0.5005 0.3313 0.0515
0.9510 0.9676 0.4300 0.4231 2.0542 0.9843
0.6220 0.6314 0.2470 0.2424 0.3035 0.1378
0.7010 0.7132 0.8910 0.8756 2.6722 3.2869
0.1510 0.1535 0.9620 0.9450 0.1585 1.3497
0.9210 0.9371 0.1800 0.1769 2.7280 0.2740
0.1410 0.1435 0.7810 0.7677 0.6844 4.2104
0.9220 0.9382 0.4210 0.4138 5.7459 2.1214
0.7010 0.7133 0.4620 0.4540 2.8895 1.4008
0.5380 0.5468 0.7560 0.7420 0.4772 0.5163
0.2630 0.2676 0.2890 0.2840 0.7664 0.6153
0.1060 0.1078 0.0910 0.0894 0.2631 0.1722
0.0920 0.0936 0.7170 0.7047 0.3978 2.4966
0.5960 0.6064 0.1570 0.1543 2.9776 0.7994
0.1500 0.1526 0.1410 0.1386 0.9699 0.9547
0.3320 0.3378 0.3620 0.3558 1.5730 2.0279
0.9690 0.9855 0.2360 0.2320 1.6706 0.5185
0.2390 0.2430 0.2930 0.2878 0.3031 0.4008
0.0070 0.0071 0.5360 0.5262 0.0085 0.4390
0.3090 0.3144 0.7110 0.6988 2.3592 5.9902
0.2900 0.2948 0.6790 0.6652 0.2450 0.2091
0.5250 0.5341 0.3920 0.3852 1.7215 1.1756
0.9730 0.9901 0.2770 0.2723 5.8419 1.3263
0.1490 0.1518 0.3030 0.2980 0.7371 1.3911
0.0510 0.0519 0.1500 0.1474 0.1907 0.5931
0.9310 0.9475 0.8790 0.8640 9.8090 8.9016
0.3500 0.3563 0.9040 0.8886 2.0549 5.0669
0.4610 0.4691 0.4630 0.4552 2.7817 3.0169
0.6310 0.6421 0.5330 0.5239 3.3323 3.1276
0.5830 0.5934 0.9510 0.9343 1.2465 1.3751
0.0110 0.0112 0.2360 0.2318 0.0150 0.1602
0.6410 0.6519 0.2480 0.2437 1.1173 0.4375
0.4620 0.4691 0.4100 0.4025 0.2199 0.2788
0.0730 0.0742 0.4290 0.4217 0.2102 1.4350
0.9150 0.9311 0.4320 0.4246 3.3937 1.3077
0.5000 0.5068 0.4060 0.3980 0.1285 0.1425
0.0650 0.0663 0.0300 0.0295 0.1765 0.1234
0.9490 0.9653 0.7950 0.7809 2.1068 1.0057
0.9660 0.9823 0.2980 0.2926 1.5688 0.2158
0.6150 0.6250 0.0310 0.0304 0.4895 0.0175
0.7570 0.7703 0.7260 0.7137 2.6071 2.5708
0.1580 0.1607 0.6580 0.6464 0.4279 0.9784
0.5080 0.5170 0.7440 0.7313 3.3523 4.8293
0.6430 0.6540 0.1730 0.1700 1.4783 0.4564
0.5060 0.5143 0.5640 0.5537 0.4524 0.4518
0.5210 0.5302 0.5680 0.5582 1.2639 1.3195
0.9460 0.9615 0.8010 0.7866 1.1220 0.9332
0.6170 0.6273 0.4600 0.4518 0.9422 0.6067
0.0510 0.0519 0.4340 0.4262 0.0568 0.4574
0.9510 0.9668 0.4430 0.4351 0.9738 0.4177
0.5430 0.5485 0.8970 0.8804 0.0776 0.6539
0.6320 0.6424 0.6260 0.6149 0.5511 0.6673
0.2910 0.2962 0.8000 0.7865 2.7924 8.3632
0.2170 0.2208 0.6570 0.6455 0.6655 1.3271
0.0440 0.0448 0.5790 0.5691 0.1432 1.2975
0.2610 0.2652 0.9920 0.9731 0.1767 0.5029
0.7930 0.8069 0.6190 0.6085 5.1426 4.2816
0.8510 0.8658 0.2080 0.2044 4.3231 0.8006
0.9750 0.9915 0.7620 0.7490 2.0075 1.8829
0.3950 0.4019 0.1730 0.1702 2.3416 0.8429
0.9690 0.9859 0.7150 0.7028 5.4157 5.1001
0.8930 0.9085 0.8310 0.8168 2.4602 3.3689
0.4830 0.4914 0.6270 0.6164 1.1969 1.8409
0.3970 0.4041 0.3890 0.3825 4.4746 3.6889
0.3500 0.3563 0.0600 0.0590 1.6527 0.3442
0.2520 0.2563 0.7130 0.7006 0.6902 2.2424
0.5160 0.5248 0.4950 0.4864 1.7425 2.0444
0.1680 0.1709 0.1740 0.1710 0.4459 0.4313
0.9650 0.9813 0.8530 0.8378 1.4427 1.2061
0.5550 0.5645 0.8700 0.8549 1.3919 2.4108
0.1350 0.1374 0.1440 0.1415 0.6319 0.6854
0.5280 0.5373 0.3740 0.3677 3.3306 2.1512
0.8070 0.8211 0.7440 0.7312 4.5192 3.0958
0.3810 0.3874 0.8140 0.7992 0.6146 0.9158
0.9180 0.9341 0.0050 0.0049 6.0579 0.0348
0.7370 0.7500 0.4570 0.4493 2.5832 1.7828
0.6350 0.6461 0.3800 0.3735 5.0298 2.7022
0.0360 0.0366 0.7800 0.7665 0.0764 2.1021
0.9410 0.9566 0.9190 0.9024 0.9730 0.8795
0.4580 0.4668 0.8490 0.8339 0.7388 0.8999
0.5840 0.5939 0.9320 0.9155 1.3111 1.9497
0.9040 0.9185 0.9180 0.9015 0.9284 1.3247
0.8780 0.8918 0.3330 0.3267 0.6752 0.2131
0.3150 0.3205 0.0860 0.0845 1.0266 0.1630
0.9750 0.9918 0.7990 0.7850 2.4092 1.5972
0.0620 0.0630 0.0090 0.0088 0.0885 0.0159
0.5920 0.6021 0.3620 0.3558 1.1698 1.2065
0.5370 0.5455 0.7970 0.7820 0.3211 0.4192
0.2380 0.2421 0.8120 0.7980 0.6140 1.7174
0.1780 0.1812 0.7960 0.7825 2.3124 6.9332
0.8260 0.8405 0.1450 0.1425 6.2404 1.4958
0.6960 0.7083 0.2050 0.2015 8.9645 2.2843
0.2440 0.2481 0.8500 0.8352 0.2564 1.4569
0.2880 0.2929 0.1870 0.1838 0.5049 0.6936
0.8500 0.8649 0.3080 0.3028 5.4757 1.9697
0.1160 0.1181 0.4170 0.4099 1.0013 3.5983
0.4130 0.4204 0.1320 0.1299 1.0804 0.5648
0.5440 0.5528 0.4410 0.4332 0.4804 0.7135
0.4180 0.4248 0.2620 0.2574 0.3691 0.4239
0.0310 0.0315 0.8830 0.8675 0.0249 1.7545
0.8610 0.8755 0.1900 0.1866 1.2261 0.1469
0.4830 0.4914 0.0600 0.0590 1.4374 0.1517
0.3890 0.3957 0.0750 0.0737 1.0585 0.2043
0.9010 0.9159 0.0920 0.0903 0.9370 0.0706
0.8840 0.8988 0.4510 0.4423 1.2668 0.1894
0.2360 0.2399 0.0380 0.0337 0.2145 0.0003
0.6880 0.6998 0.3040 0.2988 1.9732 0.8172
0.3560 0.3622 0.8400 0.8253 1.2254 1.7287
0.2960 0.3012 0.3720 0.3657 1.6461 2.1312
0.0800 0.0814 0.2710 0.2664 0.3822 1.2382
0.1490 0.1516 0.0200 0.0197 0.6584 0.0778
0.8910 0.9065 0.8520 0.8372 3.4660 2.6259
0.0070 0.0071 0.0130 0.0128 0.0187 0.0221
0.7540 0.7674 0.1150 0.1131 4.1176 0.4660
0.7530 0.7658 0.1430 0.1405 1.1370 0.2901
0.7510 0.7640 0.6600 0.6486 2.2575 2.5067
0.4380 0.4450 0.3180 0.3122 0.2768 0.2782
0.5190 0.5279 0.9150 0.8992 1.1672 3.4139
0.5870 0.5972 0.7990 0.7851 1.1898 1.9152
0.1400 0.1425 0.8900 0.8744 0.4166 1.6661
0.6480 0.6592 0.2900 0.2849 1.8520 0.8259
0.8910 0.9067 0.5610 0.5515 9.8072 5.6296
0.1430 0.1456 0.8290 0.8154 1.1246 6.8044
0.2860 0.2903 0.1720 0.1689 0.1453 0.0986
0.4760 0.4832 0.2630 0.2583 0.2418 0.1507
0.8970 0.9023 0.6650 0.6519 0.0942 0.2567
0.8490 0.8638 0.5250 0.5161 3.3230 2.0716
0.3600 0.3660 0.8710 0.8545 0.4547 0.4782
0.2570 0.2610 0.2950 0.2842 0.1288 0.0147
0.4520 0.4597 0.1030 0.1016 0.5049 0.1123
0.1860 0.1894 0.8920 0.8768 0.9812 6.1905
0.1800 0.1830 0.0620 0.0610 0.1609 0.0678
0.9360 0.9519 0.0860 0.0845 1.6492 0.3267
0.0880 0.0898 0.7190 0.7064 0.1067 0.8082
0.4090 0.4162 0.0200 0.0197 2.5137 0.1132
0.5860 0.5965 0.0560 0.0550 2.7214 0.1757
0.4670 0.4756 0.7400 0.7275 1.2016 1.3364
0.6840 0.6961 0.5600 0.5503 2.9980 1.8850
0.8160 0.8299 0.0280 0.0275 1.4590 0.0465
0.6860 0.6971 0.0260 0.0255 0.6160 0.0398
0.8740 0.8893 0.2590 0.2546 7.3617 2.9099
0.1430 0.1452 0.0760 0.0745 0.0798 0.0236
0.6370 0.6477 0.9980 0.9804 0.7357 1.6367
0.9120 0.9268 0.0970 0.0953 0.9065 0.1277
0.0510 0.0518 0.4720 0.4635 0.0457 0.4366
0.0790 0.0804 0.5680 0.5583 0.6228 4.1759
0.3970 0.4038 0.7900 0.7762 0.7071 1.7009
0.0820 0.0834 0.8870 0.8710 0.0733 0.8746
0.5940 0.6045 0.4930 0.4846 2.0606 1.7220
0.0930 0.0946 0.8450 0.8305 0.6103 3.0082
0.6870 0.6960 0.1840 0.1803 0.1711 0.0620
0.2560 0.2605 0.0580 0.0570 1.5675 0.3261
0.1820 0.1851 0.4680 0.4598 0.2996 0.7123
0.6410 0.6522 0.4430 0.4354 5.1421 2.8210
0.6000 0.6099 0.5340 0.5242 0.5334 0.3572
0.4740 0.4820 0.3720 0.3655 0.7830 0.7790
0.5070 0.5113 0.1710 0.1675 0.0588 0.0515
0.0610 0.0621 0.1940 0.1907 0.1717 0.6720
0.3560 0.3622 0.5160 0.5073 1.2791 2.2322
0.1660 0.1688 0.5980 0.5876 0.2037 1.0878
0.8650 0.8802 0.3280 0.3223 3.5768 0.7974
0.7500 0.7625 0.6360 0.6246 0.8415 0.6843
0.5630 0.5716 0.6270 0.6152 0.2691 0.3649
0.2480 0.2522 0.7030 0.6908 0.3430 1.6900
0.2500 0.2545 0.0240 0.0236 0.4585 0.0158
0.8100 0.8225 0.9560 0.9386 0.4212 0.8728
0.5280 0.5366 0.9570 0.9399 0.4800 1.2537
0.2450 0.2497 0.5300 0.5211 0.5253 1.3149
0.0440 0.0447 0.9320 0.9125 0.0298 0.2712
0.5350 0.5436 0.1910 0.1870 0.3627 0.0556
0.6460 0.6559 0.7090 0.6963 0.3282 0.6466
0.5830 0.5933 0.3010 0.2958 2.0079 0.6285
0.8770 0.8914 0.6660 0.6538 0.7507 0.4496
0.0150 0.0153 0.4500 0.4424 0.0769 2.2252
0.5030 0.5118 0.3400 0.3342 1.7716 2.0063
0.8980 0.9137 0.6660 0.6543 2.3115 1.1415
0.8010 0.8149 0.8860 0.8708 2.3766 2.2363
0.0600 0.0611 0.6410 0.6298 0.1723 1.1679
0.4190 0.4261 0.3250 0.3192 0.6499 0.3731
0.4380 0.4455 0.3200 0.3142 0.7258 0.2675
0.5310 0.5397 0.3450 0.3383 0.6107 0.1811
0.3890 0.3957 0.2300 0.2262 1.2199 1.1341
0.6680 0.6796 0.0940 0.0924 1.6894 0.3015
0.8190 0.8329 0.2470 0.2428 1.0581 0.5147
0.7100 0.7225 0.9860 0.9688 2.6469 2.2865
0.6800 0.6915 0.2390 0.2346 1.0581 0.1802
0.4590 0.4670 0.3410 0.3351 1.1186 0.4242
0.7560 0.7692 0.3360 0.3302 3.9025 0.9290
0.9140 0.9264 0.2430 0.2387 0.2696 0.2743
0.9820 0.9992 0.8760 0.8610 4.3532 3.5942
0.3660 0.3724 0.8130 0.7991 0.7496 2.3544
0.9400 0.9552 0.4940 0.4840 0.7717 0.1625
0.9960 1.0131 0.1660 0.1631 2.2211 0.3093
0.8730 0.8877 0.9740 0.9557 0.9053 0.7061
0.1780 0.1810 0.5010 0.4919 0.3482 0.4880
0.5950 0.6046 0.3850 0.3757 0.4445 0.0547
0.8530 0.8674 0.4510 0.4432 1.7256 1.2371
0.0540 0.0549 0.3740 0.3469 0.0478 0.0067
0.9100 0.9259 0.0890 0.0875 4.7484 0.5322
0.3100 0.3157 0.1390 0.1367 1.0152 0.7054
0.3320 0.3376 0.6930 0.6807 0.3606 0.8593
0.8870 0.9031 0.7650 0.7523 7.0064 4.2458
0.7660 0.7786 0.9480 0.9322 0.7139 2.7312
0.8720 0.8867 0.2040 0.2006 1.8399 0.4933
0.7230 0.7350 0.8320 0.8171 1.0700 0.8436
0.6810 0.6929 0.1640 0.1612 3.4425 0.7534
0.5160 0.5231 0.2160 0.2122 0.1563 0.3100
0.7340 0.7457 0.9150 0.8984 0.7223 1.1071
0.9910 0.8800 0.1700 0.1665 0.0079 0.0437
0.1550 0.1577 0.3090 0.3038 0.3002 0.5537
0.4820 0.4900 0.3480 0.3308 0.4290 0.0111
0.2190 0.2228 0.3450 0.3390 0.6522 1.1820
0.2020 0.2055 0.7580 0.7452 0.7512 3.4027
0.3300 0.3358 0.1190 0.1170 2.3202 0.6735
0.5420 0.5515 0.2550 0.2507 1.7165 1.5976
0.2150 0.2188 0.3350 0.3294 0.1647 0.3742
0.5150 0.5238 0.9110 0.8951 0.9476 1.9076
0.0990 0.1006 0.9460 0.9280 0.0689 0.4910
0.7020 0.7145 0.6310 0.6203 2.6515 2.7196
0.7980 0.8116 0.2100 0.2064 1.1547 0.4528
0.2450 0.2493 0.3670 0.3607 0.8134 1.3355
0.9130 0.9246 0.7480 0.7182 0.2794 0.0411
0.9260 0.9378 0.2880 0.2765 0.2834 0.0158
0.7640 0.7737 0.5740 0.5511 0.2338 0.0316
0.6810 0.6928 0.5140 0.5052 2.3161 2.6635
0.1010 0.1028 0.8710 0.8561 0.3598 4.0397
0.3820 0.3886 0.1330 0.1308 0.7067 0.4378
0.9210 0.9362 0.5250 0.5156 0.8151 0.4431
0.4710 0.4787 0.4260 0.4162 0.3754 0.0703
0.0690 0.0702 0.8430 0.8281 0.1061 1.3522
0.7920 0.8054 0.5930 0.5827 1.4422 1.1510
0.8690 0.8833 0.7390 0.7258 0.8846 0.9023
0.6380 0.6457 0.7690 0.7500 0.1538 0.1138
0.2270 0.2310 0.5740 0.5641 0.9657 2.7265
0.7480 0.7611 0.1290 0.1268 2.8559 0.4248
0.6670 0.6789 0.3730 0.3669 4.5389 2.0731
0.1740 0.1770 0.9940 0.9762 0.3840 1.1689
0.1520 0.1547 0.0610 0.0600 0.6715 0.3323
0.9140 0.9286 0.4760 0.4647 0.8116 0.0790
0.2030 0.2066 0.4460 0.4386 0.6829 0.8916
0.6680 0.6797 0.0230 0.0226 2.8604 0.0488
0.0300 0.0305 0.6950 0.6785 0.0266 0.1154
0.5480 0.5571 0.4930 0.4835 0.7162 0.2642
0.3220 0.3276 0.3700 0.3641 1.0046 0.5909
0.9060 0.9205 0.3510 0.3442 0.8888 0.1832
0.8970 0.9120 0.0190 0.0187 1.3401 0.0210
0.7240 0.7369 0.9270 0.9118 2.3081 2.2610
0.0750 0.0763 0.7330 0.7202 0.2140 1.8757
0.3280 0.3337 0.8730 0.8576 0.5553 1.1646
0.1350 0.1374 0.5570 0.5476 1.0106 3.9597
0.4160 0.4233 0.9020 0.8866 2.7964 5.4391
0.4650 0.4732 0.5200 0.5111 3.3275 3.2776
0.9140 0.9300 0.3340 0.3283 5.8907 1.8166
0.9290 0.9453 0.4040 0.3971 6.7557 2.3590
0.1510 0.1536 0.9520 0.9357 0.5108 3.9137
0.6490 0.6604 0.4170 0.4099 3.6727 1.5863
0.1120 0.1140 0.2140 0.2103 0.6166 0.5983
0.1970 0.2004 0.2020 0.1985 1.0532 0.6486
0.8820 0.8971 0.9780 0.9606 1.6635 1.2460
0.1920 0.1954 0.8730 0.8581 0.6666 3.2048
0.0160 0.0163 0.7770 0.7636 0.0862 3.3294
0.5970 0.6075 0.6740 0.6626 3.6411 3.1132
0.6620 0.6723 0.0730 0.0717 0.4078 0.0520
0.1160 0.1184 0.0070 0.0070 0.1284 0.0084
0.8680 0.8831 0.9130 0.8967 2.0355 1.0810
0.5100 0.5191 0.7680 0.7547 1.2648 1.5744
0.8690 0.8811 0.7820 0.7679 0.2963 0.6858
0.1720 0.1750 0.5700 0.5603 0.7171 2.9201
0.5900 0.6004 0.4220 0.4147 1.4962 0.9605
0.9390 0.9550 0.6150 0.6044 1.7926 1.4895
0.4190 0.4260 0.1480 0.1454 0.5665 0.2580
0.4200 0.4256 0.7520 0.7379 0.1079 0.4662
0.0310 0.0316 0.8050 0.7913 0.1428 3.6869
0.2550 0.2595 0.3790 0.3726 1.4339 2.9024
0.0870 0.0879 0.4420 0.4337 0.0129 0.2683
0.1340 0.1363 0.3020 0.2968 0.3783 1.0008
0.4860 0.4941 0.8500 0.8342 0.4632 0.5423
0.8530 0.8681 0.8570 0.8423 3.7950 3.2643
0.5330 0.5416 0.9560 0.9370 0.3928 0.3327
0.9070 0.9222 0.6500 0.6386 1.2934 1.0394
0.1680 0.1709 0.4880 0.4796 0.2167 0.9218
0.8370 0.8468 0.0100 0.0098 0.1624 0.0020
0.9180 0.9320 0.0440 0.0432 0.4287 0.0196
0.7690 0.7788 0.2700 0.2646 0.2245 0.0983
0.7780 0.7909 0.0180 0.0184 0.7360 0.0268
0.1860 0.1893 0.2450 0.2407 0.7221 0.5405
0.9910 1.0076 0.4170 0.4098 1.2378 0.9337
0.0980 0.0997 0.2560 0.2516 0.1920 0.5786
0.3040 0.3092 0.2260 0.2220 0.5168 0.4262
0.0860 0.0875 0.8000 0.7859 0.2318 1.5440
0.8560 0.8695 0.7830 0.7689 0.6043 1.0563
0.1260 0.1281 0.9560 0.9384 0.0932 0.7046
0.9640 0.9796 0.9620 0.9451 0.8743 1.5026
0.2500 0.2543 0.7080 0.6954 0.3577 1.1533
0.9190 0.9348 0.5830 0.5729 2.1284 1.5450
0.2400 0.2441 0.3180 0.3126 0.3516 0.8144
0.3420 0.3482 0.2730 0.2686 0.4453 0.4417
0.1460 0.1486 0.4770 0.4688 0.4922 1.5197
0.0720 0.0732 0.2670 0.2623 0.0836 0.3623
0.5020 0.5101 0.1450 0.1423 0.3665 0.0913
0.7280 0.7405 0.6270 0.6162 1.6693 1.7355
0.9250 0.9412 0.3840 0.3773 3.7139 0.8037
0.2050 0.2085 0.2200 0.2161 0.3674 0.2728
0.6780 0.6897 0.2890 0.2840 1.7411 0.5358
0.3850 0.3886 0.6490 0.6372 0.0489 0.5387
0.3150 0.3206 0.5450 0.5355 1.3117 1.3189
0.7090 0.7214 0.9470 0.9302 1.8923 1.4688
0.7340 0.7469 0.6980 0.6858 2.2218 1.4197
0.0170 0.0173 0.7610 0.7471 0.0284 0.6309
0.8910 0.9061 0.0310 0.0304 1.2403 0.0340
0.1260 0.1282 0.4230 0.4157 0.6010 1.5076
0.2400 0.2442 0.8790 0.8634 0.6686 1.3352
0.8050 0.8172 0.0670 0.0655 0.3735 0.0106
0.1980 0.2010 0.6950 0.6787 0.1107 0.2161
0.8790 0.8921 0.7420 0.7246 0.4914 0.2308
0.2090 0.2127 0.0140 0.0138 0.6581 0.0404
0.2490 0.2530 0.4590 0.4503 0.1492 0.2451
0.4630 0.4711 0.2170 0.2132 1.0746 0.3355
0.0230 0.0234 0.3870 0.3803 0.0883 1.7980
0.5090 0.5179 0.1750 0.1720 1.4115 0.6601
0.5710 0.5768 0.3220 0.3161 0.0811 0.2273
0.0960 0.0974 0.5310 0.5210 0.0403 0.2836
0.6280 0.6391 0.8790 0.8640 3.6487 4.0777
0.1660 0.1690 0.8240 0.8100 0.8428 3.5407
0.6990 0.7095 0.2540 0.2492 0.2936 0.1356
0.0500 0.0512 0.8470 0.8326 0.0839 1.9007
0.6120 0.6220 0.5540 0.5438 0.4988 0.3889
0.2590 0.2634 0.7570 0.7440 0.5872 2.9720
0.9150 0.9308 0.6950 0.6828 1.8071 1.0133
0.8200 0.8070 0.7190 0.6030 0.0271 0.0043
0.1360 0.1384 0.3960 0.3888 0.2425 0.3429
0.5570 0.5482 0.2160 0.1812 0.0184 0.0013
0.3600 0.3660 0.2140 0.2101 0.3658 0.2012
0.1160 0.1181 0.6890 0.6761 0.2301 0.8392
0.3480 0.3536 0.8450 0.8294 0.2133 0.8382
0.5260 0.5186 0.6480 0.6357 0.0184 0.4193
0.5940 0.5856 0.0040 0.0039 0.0208 0.0026
0.9470 0.9625 0.9260 0.9079 0.8836 0.5010
0.3620 0.3679 0.8540 0.8373 0.3377 0.4620
0.6270 0.6367 0.4910 0.4820 0.3361 0.4321
0.7140 0.7259 0.4820 0.4736 0.7704 0.8898
0.9070 0.9230 0.8650 0.8505 4.2021 4.5118
0.1610 0.1636 0.8120 0.7967 0.1150 0.4442
0.4760 0.4841 0.3250 0.3194 0.7078 0.7030
0.8290 0.8438 0.9870 0.9700 2.1662 2.4330
0.6680 0.6795 0.9020 0.8864 1.5685 2.8106
0.0110 0.0113 0.2500 0.2458 0.0533 0.8680
0.5650 0.5746 0.7410 0.7273 0.7317 0.4972
0.9980 1.0154 0.3150 0.3096 4.3842 1.1164
0.4310 0.4382 0.1610 0.1581 0.4332 0.2037
0.1110 0.1130 0.4130 0.4055 0.3482 0.5001
0.8080 0.8219 0.0970 0.0952 1.6241 0.0795
0.4390 0.4466 0.3890 0.3823 0.9566 1.0468
0.4780 0.4863 0.0280 0.0275 0.7887 0.0398
0.8340 0.8475 0.3170 0.3114 0.6680 0.3053
0.5620 0.5715 0.7890 0.7753 0.8306 1.1693
0.7270 0.7368 0.6070 0.5939 0.2188 0.1384
0.6260 0.6367 0.1120 0.1101 1.4724 0.3308
0.5150 0.5236 0.4450 0.4354 0.5995 0.0930
0.3050 0.3098 0.6440 0.6326 0.1601 0.8919
0.7310 0.7439 0.9600 0.9435 5.9160 6.1354
0.7770 0.7907 0.7120 0.6997 3.9518 2.2456
0.4080 0.4151 0.2590 0.2545 0.4333 0.3098
0.8550 0.8693 0.3380 0.3322 0.9679 0.2734
0.8560 0.8693 0.5780 0.5673 0.4871 0.4341
0.3200 0.3249 0.0830 0.0814 0.1734 0.0385
0.0330 0.0337 0.2840 0.2792 0.1477 0.7799
0.1420 0.1444 0.1550 0.1522 0.1482 0.1846
0.8260 0.8397 0.4960 0.4874 0.9053 0.8387
0.9550 0.9716 0.6840 0.6722 3.1324 2.0397
0.5980 0.6085 0.6560 0.6449 3.5575 3.3253
0.4290 0.3457 0.8820 0.8161 0.0017 0.0150
0.2630 0.2674 0.6790 0.6670 0.3040 0.9187
0.0360 0.0366 0.8860 0.8701 0.0691 1.0836
0.0950 0.0969 0.2810 0.2765 0.2679 1.2586
0.7140 0.7263 0.4970 0.4883 1.9692 1.3315
0.3400 0.3457 0.0550 0.0540 0.5688 0.0784
0.8300 0.8415 0.0270 0.0262 0.2697 0.0019
0.7670 0.7792 0.3190 0.3132 0.6796 0.2137
0.8690 0.8824 0.7690 0.7553 0.6561 0.7867
0.2730 0.2771 0.6500 0.6326 0.1261 0.0682
0.5920 0.6012 0.2860 0.2808 0.3297 0.2497
0.6380 0.6487 0.7130 0.7004 1.0553 1.0781
0.6710 0.6814 0.8300 0.8134 0.4871 0.3378
0.1460 0.1485 0.6010 0.5907 0.2959 1.4358
0.1800 0.1831 0.6080 0.5974 0.5002 1.6027
0.1210 0.1229 0.0330 0.0324 0.0773 0.0133
0.0080 0.0081 0.7130 0.6998 0.0129 0.6089
0.7790 0.7926 0.2090 0.2054 1.9163 0.3093
0.7110 0.7233 0.4150 0.4076 1.4739 0.3511
0.7600 0.7726 0.0970 0.0952 1.1157 0.0531
0.1110 0.1129 0.8530 0.8383 0.4388 2.7467
0.0330 0.0335 0.2790 0.2737 0.0484 0.1526
0.5480 0.5556 0.2470 0.2421 0.1715 0.0857
0.8010 0.7944 0.3080 0.3011 0.0368 0.0582
0.9780 0.9762 0.0080 0.0078 0.0557 0.0030
0.2900 0.2946 0.1710 0.1679 0.1784 0.1524
0.0570 0.0580 0.4550 0.4469 0.1194 0.8054
0.6020 0.6119 0.2390 0.2316 0.5292 0.0165
0.7710 0.7843 0.5880 0.5779 1.5181 1.2795
0.4470 0.4548 0.0930 0.0914 1.9923 0.4665
0.2650 0.2696 0.4500 0.4422 0.5395 0.9999
0.2410 0.2452 0.1130 0.1111 0.7358 0.3155
0.6520 0.6631 0.6800 0.6684 1.3079 2.7152
0.1090 0.1109 0.5350 0.5258 0.2907 1.2781
0.1610 0.1637 0.9800 0.9608 0.1562 0.4410
0.4170 0.4243 0.0670 0.0658 1.0529 0.0994
0.1120 0.1139 0.3740 0.3667 0.1086 0.1683
0.5920 0.6024 0.2540 0.2496 2.6172 0.7732
0.6710 0.6615 0.1790 0.1758 0.0242 0.1740
0.4710 0.4790 0.7270 0.7144 1.0776 1.6467
0.4460 0.4536 0.3110 0.3056 0.7158 0.4071
0.6080 0.6183 0.7030 0.6903 1.0141 0.5786
0.8800 0.8912 0.4860 0.4773 0.2825 0.3164
0.6660 0.6772 0.7490 0.7349 0.7186 0.4569
0.2370 0.2412 0.3770 0.3707 0.6093 1.3105
0.0300 0.0305 0.1000 0.0983 0.0442 0.1883
0.2350 0.2391 0.8030 0.7745 0.1619 0.0819
0.5990 0.6095 0.7360 0.7235 1.6694 1.8834
0.6040 0.6144 0.1040 0.1022 1.2110 0.2910
0.3830 0.3885 0.5510 0.5409 0.1268 0.4248
0.5900 0.5906 0.7740 0.7592 0.0708 0.4180
0.6060 0.6156 0.8160 0.8004 0.3660 0.4268
0.2270 0.2310 0.5950 0.5845 0.5128 0.9437
0.5850 0.5873 0.4840 0.4753 0.0468 0.4467
0.1470 0.1495 0.7010 0.6886 0.2171 1.0164
0.1510 0.1535 0.0930 0.0913 0.1380 0.0925
0.6410 0.6526 0.6830 0.6712 1.4589 1.3380
0.2600 0.2644 0.7740 0.7601 0.3193 0.7771
0.4480 0.4549 0.0810 0.0594 0.2146 0.0002
0.0750 0.0762 0.7700 0.7565 0.0659 1.2382
0.4100 0.4171 0.9570 0.9405 1.0344 3.1485
0.4450 0.4528 0.6430 0.6321 2.5605 3.3828
0.9590 0.9759 0.3270 0.3214 2.2594 0.5530
0.4930 0.5017 0.0280 0.0275 2.9698 0.1394
0.9930 1.0100 0.4750 0.4668 2.1975 1.1495
0.8950 0.9038 0.6190 0.6058 0.1253 0.1479
0.1890 0.1920 0.7460 0.7315 0.1055 0.3894
0.2590 0.2654 0.8650 0.8495 0.3069 0.9878
0.0400 0.0403 0.4950 0.4858 0.0043 0.3089
0.9510 0.9655 0.6760 0.6637 0.5525 0.6706
0.6120 0.6210 0.7670 0.7503 0.2852 0.1825
0.3360 0.3412 0.6750 0.6623 0.1966 0.4604
0.5260 0.5353 0.6020 0.5917 1.9704 1.8548
0.9580 0.9744 0.2430 0.2386 1.5165 0.1990
0.0190 0.0199 0.2120 0.2084 0.0468 0.1889
0.1730 0.1757 0.2510 0.2437 0.0796 0.0236
0.6490 0.6590 0.7490 0.7273 0.2985 0.0704
0.0110 0.0112 0.1120 0.1088 0.0051 0.0105
0.4400 0.4478 0.4060 0.3978 0.9966 0.2351
0.0890 0.0893 0.6420 0.6307 0.0065 0.5560
0.8850 0.8997 0.4220 0.4149 0.8832 0.8204
0.7010 0.7133 0.3460 0.3401 1.3305 0.4955
0.0730 0.0746 0.0580 0.0571 0.0872 0.0595
0.8770 0.8893 0.8910 0.8704 0.3166 0.1978
0.2480 0.2522 0.1650 0.1622 0.2356 0.2676
0.3980 0.4048 0.6800 0.6672 0.3785 0.3964
0.2220 0.2181 0.4040 0.3905 0.0067 0.0263
0.1280 0.1301 0.5750 0.5642 0.0727 0.2996
0.5900 0.5965 0.0700 0.0687 0.1021 0.0277
0.8150 0.8266 0.4310 0.4231 0.3505 0.2896
0.4030 0.4103 0.6890 0.6780 0.3756 0.9184
0.3890 0.3956 0.4420 0.4341 0.3925 0.3806
0.0350 0.0356 0.4760 0.4679 0.0995 2.0835
0.0920 0.0936 0.9550 0.9354 0.0781 0.4374
0.1640 0.1668 0.6770 0.6634 0.2657 0.2329
0.8360 0.8493 0.3250 0.3172 0.6930 0.0465
0.1550 0.1576 0.7400 0.7230 0.1383 0.1376
0.4800 0.4881 0.3310 0.3208 0.3451 0.0291
0.4780 0.4858 0.8670 0.8498 0.3537 0.4049
0.6450 0.6563 0.7460 0.7334 2.7483 3.2705
0.5550 0.5637 0.6700 0.6551 0.2941 0.1642
0.1980 0.2013 0.1560 0.1532 0.1734 0.1532
0.2390 0.2414 0.9090 0.8900 0.0332 0.2818
0.5440 0.5527 0.9000 0.8833 0.4162 0.7983
0.2250 0.2286 0.5840 0.5732 0.1721 0.5180
0.5500 0.5588 0.9680 0.9501 0.4207 0.8586
0.7090 0.7214 0.4510 0.4433 2.2922 1.1081
0.0520 0.0529 0.0780 0.0767 0.0576 0.1149
0.9310 0.9444 0.0680 0.0667 0.3473 0.0454
0.6830 0.6932 0.2550 0.2495 0.3046 0.0518
0.4020 0.4083 0.1500 0.1464 0.2239 0.0203
0.2730 0.2771 0.1680 0.1649 0.1138 0.1090
0.1960 0.1707 0.3660 0.3558 0.0014 0.0425
0.6350 0.5907 0.0510 0.0501 0.0114 0.0397
0.1720 0.1745 0.0590 0.0578 0.0547 0.0142
0.4440 0.4498 0.5080 0.4977 0.1212 0.1737
0.7410 0.7532 0.4530 0.4339 0.6276 0.0227
0.3380 0.3438 0.8670 0.8516 0.4211 1.0725
0.2110 0.2139 0.4530 0.4057 0.0527 0.0050
0.3450 0.3501 0.5900 0.5798 0.1166 0.5044
0.2920 0.2960 0.5780 0.5494 0.0829 0.0191
0.8700 0.8814 0.6630 0.6433 0.2445 0.0630
0.0400 0.0405 0.4070 0.3997 0.0084 0.3171
0.5440 0.5529 0.1480 0.1453 0.4004 0.0887
0.3650 0.3714 0.8630 0.8392 0.3157 0.2235
0.2410 0.2441 0.9060 0.8242 0.0511 0.0172
0.1160 0.1177 0.5790 0.5684 0.0401 0.4059
0.8170 0.8294 0.4370 0.4284 0.5629 0.1761
